0 0 -39.757812 117.52344 -251.348
0 0 -39.757812 117.5625 -251.348
0 0 -39.765625 117.5625 -251.348
0 0 -39.796875 117.5625 -251.348

1 0 -37.578125 99.921875 -247.348
1 0 -37.46875 99.80469 -247.348
1 0 -38.15625 123.42969 -247.348
1 0 -42.117188 123.91406 -247.348
1 0 -45.554688 123.85156 -247.348
1 0 -46.070312 118.25781 -247.348
1 0 -45.867188 114.38281 -247.348
1 0 -45.234375 108.53125 -247.348

2 0 -45.65625 98.53906 -243.348
2 0 -44.554688 98.64844 -243.348
2 0 -38.007812 97.5625 -243.348
2 0 -38.085938 104.83594 -243.348
2 0 -36.453125 125.78906 -243.348
2 0 -36.554688 129.29688 -243.348
2 0 -44.46875 130.26562 -243.348
2 0 -45.554688 130.25 -243.348
2 0 -46.46875 120.32031 -243.348
2 0 -46.804688 117.88281 -243.348
2 0 -46.117188 116.375 -243.348
2 0 -46.46875 115.78125 -243.348
2 0 -46.710938 115.13281 -243.348
2 0 -46.3125 107.49219 -243.348
2 0 -45.515625 100.140625 -243.348
2 0 -45.789062 98.984375 -243.348

3 0 -47.335938 95.96094 -239.348
3 0 -43.515625 96.328125 -239.348
3 0 -38.578125 95.50781 -239.348
3 0 -38.734375 110.13281 -239.348
3 0 -37.203125 129.83594 -239.348
3 0 -39.71875 130.40625 -239.348
3 0 -46.671875 132.86719 -239.348
3 0 -46.992188 129.94531 -239.348
3 0 -47.609375 125.484375 -239.348
3 0 -46.335938 122.71875 -239.348
3 0 -44.085938 117.859375 -239.348
3 0 -42.015625 118.39844 -239.348
3 0 -40.773438 119.13281 -239.348
3 0 -43.007812 112.67969 -239.348
3 0 -42.4375 112.44531 -239.348
3 0 -41.195312 102.1875 -239.348
3 0 -41.15625 101.99219 -239.348
3 0 -41.078125 101.69531 -239.348
3 0 -41.210938 101.703125 -239.348
3 0 -41.625 102.05469 -239.348
3 0 -42.9375 105.265625 -239.348
3 0 -43.8125 106.875 -239.348
3 0 -44.46875 105.78125 -239.348
3 0 -46.007812 101.61719 -239.348
3 0 -46.804688 101.140625 -239.348
3 0 -46.953125 101.0625 -239.348
3 0 -47.789062 97.484375 -239.348

4 0 -49.453125 127.609375 -235.348
4 0 -45.84375 122.71875 -235.348
4 0 -45.195312 122.02344 -235.348
4 0 -44.664062 121.828125 -235.348
4 0 -42.195312 120.74219 -235.348
4 0 -43.398438 119.16406 -235.348
4 0 -44.140625 116.46094 -235.348
4 0 -45.742188 111.83594 -235.348
4 0 -44.59375 111.375 -235.348
4 0 -43.796875 104.78906 -235.348
4 0 -43.375 102.734375 -235.348
4 0 -42.601562 99.60156 -235.348
4 0 -43.9375 99.703125 -235.348
4 0 -45.226562 100.796875 -235.348
4 0 -47.71875 99.328125 -235.348
4 0 -49.210938 98.453125 -235.348
4 0 -49.789062 95.984375 -235.348
4 0 -49.015625 93.38281 -235.348
4 0 -42.484375 94 -235.348
4 0 -39.148438 93.453125 -235.348
4 0 -39.382812 115.42969 -235.348
4 0 -38.304688 129.28125 -235.348
4 0 -43.859375 130.54688 -235.348
4 0 -48.75 132.27344 -235.348
4 0 -49.148438 128.61719 -235.348

5 0 -49.648438 124.11719 -231.348
5 0 -47.304688 121.60156 -231.348
5 0 -45.367188 120.88281 -231.348
5 0 -44.085938 120.32031 -231.348
5 0 -47.09375 116.39844 -231.348
5 0 -47.867188 113.5625 -231.348
5 0 -48.015625 111.40625 -231.348
5 0 -48 110.796875 -231.348
5 0 -46.75 110.296875 -231.348
5 0 -46.398438 107.390625 -231.348
5 0 -45.601562 103.47656 -231.348
5 0 -44.125 97.5 -231.348
5 0 -46.664062 97.703125 -231.348
5 0 -47.335938 98.27344 -231.348
5 0 -48.625 97.50781 -231.348
5 0 -51.46875 95.84375 -231.348
5 0 -51.789062 94.484375 -231.348
5 0 -50.695312 90.796875 -231.348
5 0 -41.453125 91.67969 -231.348
5 0 -39.726562 91.390625 -231.348
5 0 -40.03125 120.72656 -231.348
5 0 -39.40625 128.73438 -231.348
5 0 -47.992188 130.6875 -231.348
5 0 -50.820312 131.6875 -231.348
5 0 -51.054688 129.57031 -231.348
5 0 -51.820312 127.0625 -231.348

6 0 -53.734375 93.234375 -227.348
6 0 -53.789062 92.984375 -227.348
6 0 -52.367188 88.21875 -227.348
6 0 -40.421875 89.359375 -227.348
6 0 -40.296875 89.33594 -227.348
6 0 -40.679688 126.02344 -227.348
6 0 -40.515625 128.17969 -227.348
6 0 -52.132812 130.82031 -227.348
6 0 -52.898438 131.09375 -227.348
6 0 -52.960938 130.52344 -227.348
6 0 -54.1875 126.52344 -227.348
6 0 -53.445312 125.52344 -227.348
6 0 -49.40625 121.17969 -227.348
6 0 -46.078125 119.94531 -227.348
6 0 -45.984375 119.90625 -227.348
6 0 -46.289062 119.5 -227.348
6 0 -48.570312 114.0625 -227.348
6 0 -48.6875 112.40625 -227.348
6 0 -48.617188 110.453125 -227.348
6 0 -48.726562 109.30469 -227.348
6 0 -48.6875 108.484375 -227.348
6 0 -47.820312 104.21875 -227.348
6 0 -45.859375 96.24219 -227.348
6 0 -45.757812 95.69531 -227.348
6 0 -45.804688 95.515625 -227.348
6 0 -45.890625 95.50781 -227.348
6 0 -47.382812 95.546875 -227.348
6 0 -49.390625 95.703125 -227.348
6 0 -49.4375 95.74219 -227.348
6 0 -49.53125 95.6875 -227.348

7 0 -55.914062 88.5625 -223.348
7 0 -55.320312 87.47656 -223.348
7 0 -52.5 87.671875 -223.348
7 0 -42.757812 88.60156 -223.348
7 0 -42.601562 121.921875 -223.348
7 0 -42.484375 127.13281 -223.348
7 0 -45.671875 127.38281 -223.348
7 0 -55.148438 129.53906 -223.348
7 0 -55.992188 127.96094 -223.348
7 0 -56.859375 125.109375 -223.348
7 0 -55.398438 123.21875 -223.348
7 0 -52.460938 119.765625 -223.348
7 0 -50.75 119.0625 -223.348
7 0 -49.148438 118.19531 -223.348
7 0 -50 114.61719 -223.348
7 0 -49.875 112.921875 -223.348
7 0 -49.859375 110.69531 -223.348
7 0 -50.0625 108.640625 -223.348
7 0 -49.921875 105.75 -223.348
7 0 -49.890625 104.69531 -223.348
7 0 -50 104.02344 -223.348
7 0 -48.898438 97.97656 -223.348
7 0 -49.609375 95.140625 -223.348
7 0 -51.03125 94.9375 -223.348
7 0 -53.289062 94.99219 -223.348
7 0 -56.203125 92.97656 -223.348
7 0 -56.867188 92.171875 -223.348

8 0 -59.679688 123.34375 -219.348
8 0 -59.859375 122.77344 -219.348
8 0 -57.59375 119.83594 -219.348
8 0 -55.710938 117.296875 -219.348
8 0 -54.984375 117.1875 -219.348
8 0 -51.835938 115.828125 -219.348
8 0 -51.625 112.921875 -219.348
8 0 -51.609375 109.96875 -219.348
8 0 -51.398438 106.609375 -219.348
8 0 -51.320312 104.125 -219.348
8 0 -51.953125 100.328125 -219.348
8 0 -51.945312 100.19531 -219.348
8 0 -51.953125 100.09375 -219.348
8 0 -52.117188 99.96094 -219.348
8 0 -53.421875 94.75781 -219.348
8 0 -56.171875 94.36719 -219.348
8 0 -57.289062 94.390625 -219.348
8 0 -58.726562 93.39844 -219.348
8 0 -60.25 91.55469 -219.348
8 0 -59.617188 89.15625 -219.348
8 0 -58.375 86.88281 -219.348
8 0 -52.5 87.296875 -219.348
8 0 -45.382812 87.97656 -219.348
8 0 -45.265625 112.32031 -219.348
8 0 -44.960938 125.80469 -219.348
8 0 -53.195312 126.44531 -219.348
8 0 -57.5 127.421875 -219.348

9 0 -47.9375 102.71875 -215.348
9 0 -47.4375 124.46875 -215.348
9 0 -56.234375 125.15625 -215.348
9 0 -58.28125 124.85156 -215.348
9 0 -59.757812 124.90625 -215.348
9 0 -61.070312 121.265625 -215.348
9 0 -60.914062 119.49219 -215.348
9 0 -57.929688 114.171875 -215.348
9 0 -57.039062 112.625 -215.348
9 0 -56.34375 112.484375 -215.348
9 0 -53.085938 112.015625 -215.348
9 0 -52.617188 104.55469 -215.348
9 0 -52.585938 103.3125 -215.348
9 0 -52.515625 100.77344 -215.348
9 0 -52.679688 97.91406 -215.348
9 0 -56.960938 94.484375 -215.348
9 0 -57.0625 94.38281 -215.348
9 0 -57.125 94.38281 -215.348
9 0 -61.101562 93.82031 -215.348
9 0 -61.328125 93.71875 -215.348
9 0 -63.632812 90.9375 -215.348
9 0 -63.320312 89.74219 -215.348
9 0 -61.4375 86.296875 -215.348
9 0 -52.5 86.921875 -215.348
9 0 -48.007812 87.35156 -215.348

10 0 -70.69531 130.5 -211.348
10 0 -79.84375 128.4375 -211.348
10 0 -83.171875 123.609375 -211.348
10 0 -84.890625 115.36719 -211.348
10 0 -94.11719 118.515625 -211.348
10 0 -88.1875 111.3125 -211.348
10 0 -81.11719 108.640625 -211.348
10 0 -79.10156 109.578125 -211.348
10 0 -72.9375 113.59375 -211.348
10 0 -70.99219 114.57031 -211.348
10 0 -67.15625 114.86719 -211.348
10 0 -61.1875 114.765625 -211.348
10 0 -57.554688 108.78125 -211.348
10 0 -57.015625 107.578125 -211.348
10 0 -56.554688 107.66406 -211.348
10 0 -56.140625 107.59375 -211.348
10 0 -53.085938 107.08594 -211.348
10 0 -53.085938 101.34375 -211.348
10 0 -53.109375 101.34375 -211.348
10 0 -53.34375 101.38281 -211.348
10 0 -55.757812 100.71094 -211.348
10 0 -56.554688 100.3125 -211.348
10 0 -56.554688 97.796875 -211.348
10 0 -57.382812 96.92969 -211.348
10 0 -57.53125 96.328125 -211.348
10 0 -56.554688 95.5 -211.348
10 0 -54.75 95.5 -211.348
10 0 -53.085938 95.27344 -211.348
10 0 -53.945312 94.38281 -211.348
10 0 -56.679688 94.38281 -211.348
10 0 -57.546875 94.265625 -211.348
10 0 -66.58594 90.484375 -211.348
10 0 -66.96875 90.35156 -211.348
10 0 -66.97656 90.32031 -211.348
10 0 -66.99219 90.27344 -211.348
10 0 -64.49219 85.71094 -211.348
10 0 -52.5 86.546875 -211.348
10 0 -50.632812 86.72656 -211.348
10 0 -50.601562 93.125 -211.348
10 0 -50.28125 106.875 -211.348
10 0 -46.945312 120.703125 -211.348
10 0 -51.34375 120.046875 -211.348
10 0 -61.53125 120.46094 -211.348
10 0 -61.6875 120.03125 -211.348
10 0 -61.59375 118.97656 -211.348
10 0 -63.90625 119.765625 -211.348
10 1 -121.34375 128.26562 -211.348
10 1 -122.671875 127.1875 -211.348
10 1 -122.10156 126.296875 -211.348
10 1 -109.953125 106.66406 -211.348
10 1 -109.90625 106.57031 -211.348
10 1 -109.859375 106.50781 -211.348
10 1 -109.83594 106.515625 -211.348
10 1 -109.78125 106.5625 -211.348
10 1 -114.83594 120.10156 -211.348
10 1 -115.828125 126.515625 -211.348

11 0 -44.46875 114.984375 -207.348
11 0 -44.398438 115.25 -207.348
11 0 -44.414062 115.25 -207.348
11 0 -44.445312 115.25 -207.348
11 0 -44.53125 115.38281 -207.348
11 0 -44.429688 115.35156 -207.348
11 0 -49.234375 137.0625 -207.348
11 0 -52 137.83594 -207.348
11 0 -67.27344 142.76562 -207.348
11 0 -70.03906 142.25 -207.348
11 0 -85.32031 138.79688 -207.348
11 0 -87.74219 136.09375 -207.348
11 0 -91.28125 133.40625 -207.348
11 0 -93.890625 120.86719 -207.348
11 0 -107.92969 125.66406 -207.348
11 0 -111.46094 126.35156 -207.348
11 0 -114.296875 127.234375 -207.348
11 0 -122.1875 129.74219 -207.348
11 0 -125.75781 126.82031 -207.348
11 0 -124.234375 124.42969 -207.348
11 0 -119.765625 117.21094 -207.348
11 0 -116.0625 108.72656 -207.348
11 0 -111.78125 102.66406 -207.348
11 0 -109.28125 103.89844 -207.348
11 0 -104.640625 107.703125 -207.348
11 0 -104.65625 107.734375 -207.348
11 0 -104.66406 107.8125 -207.348
11 0 -104.58594 107.71875 -207.348
11 0 -81.65625 99.046875 -207.348
11 0 -75.10156 102.078125 -207.348
11 0 -72.234375 103.94531 -207.348
11 0 -66.99219 106.57031 -207.348
11 0 -61.710938 106.97656 -207.348
11 0 -59.945312 103.046875 -207.348
11 0 -56.554688 103.66406 -207.348
11 0 -53.476562 103.14844 -207.348
11 0 -53.085938 103.08594 -207.348
11 0 -53.085938 102.34375 -207.348
11 0 -55.78125 102.234375 -207.348
11 0 -56.554688 102.35156 -207.348
11 0 -56.554688 101.42969 -207.348
11 0 -60.132812 97.67969 -207.348
11 0 -60.78125 95.078125 -207.348
11 0 -59.6875 94.14844 -207.348
11 0 -65.53906 92.0625 -207.348
11 0 -66.44531 89.390625 -207.348
11 0 -67.5625 85.13281 -207.348
11 0 -67.55469 85.11719 -207.348
11 0 -67.42969 85.125 -207.348
11 0 -53.46875 86.27344 -207.348
11 0 -51.71875 87.1875 -207.348

12 0 -62.992188 98.57031 -203.348
12 0 -62.90625 98.578125 -203.348
12 0 -62.882812 98.515625 -203.348
12 0 -62.789062 98.53125 -203.348
12 0 -62.882812 98.42969 -203.348
12 0 -64.03125 93.828125 -203.348
12 0 -64.015625 93.8125 -203.348
12 0 -64.109375 93.78125 -203.348
12 0 -65.90625 88.453125 -203.348
12 0 -66.69531 85.46875 -203.348
12 0 -56.828125 86.27344 -203.348
12 0 -48.984375 90.34375 -203.348
12 0 -44.632812 107.02344 -203.348
12 0 -42.882812 111.890625 -203.348
12 0 -40.601562 116.828125 -203.348
12 0 -44.15625 127.671875 -203.348
12 0 -47.039062 140.66406 -203.348
12 0 -56.203125 143.24219 -203.348
12 0 -65.27344 146.16406 -203.348
12 0 -74.4375 144.44531 -203.348
12 0 -83.515625 142.39844 -203.348
12 0 -91.546875 133.42969 -203.348
12 0 -101.42969 125.921875 -203.348
12 0 -103.44531 126.171875 -203.348
12 0 -112.52344 127.953125 -203.348
12 0 -121.9375 130.86719 -203.348
12 0 -123.02344 131.21875 -203.348
12 0 -128.85156 126.453125 -203.348
12 0 -127.63281 124.53906 -203.348
12 0 -125.35156 122.05469 -203.348
12 0 -125.36719 120.66406 -203.348
12 0 -121.66406 110.52344 -203.348
12 0 -121.578125 110.296875 -203.348
12 0 -121.53125 109.90625 -203.348
12 0 -121.078125 109.27344 -203.348
12 0 -113.703125 98.828125 -203.348
12 0 -108.734375 101.28125 -203.348
12 0 -105.53906 103.89844 -203.348
12 0 -84.875 92.453125 -203.348
12 0 -82.30469 91.64844 -203.348
12 0 -81.03125 91.53906 -203.348
12 0 -80.21875 91.46094 -203.348
12 0 -65.08594 93.71094 -203.348
12 0 -64.921875 94 -203.348
12 0 -63.890625 98.11719 -203.348

13 0 -65.375 87.52344 -199.348
13 0 -65.828125 85.8125 -199.348
13 0 -60.1875 86.27344 -199.348
13 0 -46.242188 93.5 -199.348
13 0 -44.867188 98.78906 -199.348
13 0 -41.375 108.53906 -199.348
13 0 -36.804688 118.42969 -199.348
13 0 -43.921875 140.14844 -199.348
13 0 -44.835938 144.25781 -199.348
13 0 -60.398438 148.64062 -199.348
13 0 -63.273438 149.57031 -199.348
13 0 -78.84375 146.64844 -199.348
13 0 -81.71875 146 -199.348
13 0 -95.359375 130.75781 -199.348
13 0 -99.10156 127.921875 -199.348
13 0 -108.63281 129.13281 -199.348
13 0 -113.64844 129.67969 -199.348
13 0 -114.39844 129.96094 -199.348
13 0 -124.11719 133.25 -199.348
13 0 -125.27344 132.21875 -199.348
13 0 -131.14844 127.10156 -199.348
13 0 -129.51562 125.50781 -199.348
13 0 -127.99219 122.19531 -199.348
13 0 -125.03906 118.97656 -199.348
13 0 -125.10156 114.265625 -199.348
13 0 -123.50781 109.90625 -199.348
13 0 -122.78125 107.890625 -199.348
13 0 -122.390625 104.47656 -199.348
13 0 -118.41406 98.9375 -199.348
13 0 -115.625 94.984375 -199.348
13 0 -108.17969 98.65625 -199.348
13 0 -106.44531 100.078125 -199.348
13 0 -95.22656 93.86719 -199.348
13 0 -83.25 90.125 -199.348
13 0 -77.33594 89.58594 -199.348
13 0 -73.546875 89.24219 -199.348
13 0 -64.33594 90.609375 -199.348

14 0 -57.125 89.60156 -195.348
14 0 -43.367188 95.390625 -195.348
14 0 -39.859375 105.1875 -195.348
14 0 -33.507812 118.9375 -195.348
14 0 -33.085938 120.15625 -195.348
14 0 -40.742188 143.03906 -195.348
14 0 -44.53125 148.07812 -195.348
14 0 -60.203125 152.48438 -195.348
14 0 -63.78125 153.19531 -195.348
14 0 -79.453125 150.25781 -195.348
14 0 -82.9375 149.36719 -195.348
14 0 -97.27344 132.60938 -195.348
14 0 -99.03125 129.77344 -195.348
14 0 -100.5625 130.20312 -195.348
14 0 -114.92969 131.75781 -195.348
14 0 -118.5625 133.125 -195.348
14 0 -125.265625 135.39062 -195.348
14 0 -127.78906 133.13281 -195.348
14 0 -132.27344 129.22656 -195.348
14 0 -126.60156 123.6875 -195.348
14 0 -125.75781 121.84375 -195.348
14 0 -126.1875 119.05469 -195.348
14 0 -126.42969 117.25 -195.348
14 0 -125.88281 112.00781 -195.348
14 0 -125.55469 109.609375 -195.348
14 0 -125.07031 108.515625 -195.348
14 0 -123.97656 105.49219 -195.348
14 0 -123.3125 99.625 -195.348
14 0 -123.296875 99.53125 -195.348
14 0 -123.25 99.40625 -195.348
14 0 -122.953125 99.15625 -195.348
14 0 -116.72656 91.83594 -195.348
14 0 -116.22656 92.21094 -195.348
14 0 -110.53125 94.60156 -195.348
14 0 -107.625 96.03906 -195.348
14 0 -107.35156 96.25781 -195.348
14 0 -105.578125 95.28125 -195.348
14 0 -84.203125 88.60156 -195.348
14 0 -73.64844 87.640625 -195.348
14 0 -66.88281 87.015625 -195.348
14 0 -64.58594 87.359375 -195.348
14 0 -64.84375 86.58594 -195.348
14 0 -64.953125 86.16406 -195.348
14 0 -63.546875 86.27344 -195.348
14 1 -118.72656 111.13281 -195.348
14 1 -120.25 113.5 -195.348
14 1 -119.515625 114.671875 -195.348

15 0 -125.17969 103.09375 -191.348
15 0 -124.8125 99.875 -191.348
15 0 -124.58594 98.890625 -191.348
15 0 -124.109375 97.55469 -191.348
15 0 -120.859375 94.80469 -191.348
15 0 -116.57031 89.75781 -191.348
15 0 -114.78906 91.09375 -191.348
15 0 -108.609375 93.6875 -191.348
15 0 -103.109375 92.6875 -191.348
15 0 -85.15625 87.078125 -191.348
15 0 -69.953125 85.6875 -191.348
15 0 -63.90625 85.13281 -191.348
15 0 -55.320312 89.89844 -191.348
15 0 -40.367188 96.19531 -191.348
15 0 -38.34375 101.83594 -191.348
15 0 -34.6875 109.75781 -191.348
15 0 -30.085938 122.953125 -191.348
15 0 -35 137.64844 -191.348
15 0 -45.867188 152.07812 -191.348
15 0 -56.203125 154.98438 -191.348
15 0 -66.44531 157.03125 -191.348
15 0 -76.78906 155.09375 -191.348
15 0 -86.77344 152.53125 -191.348
15 0 -96.22656 141.47656 -191.348
15 0 -102.484375 131.41406 -191.348
15 0 -107.92969 132.94531 -191.348
15 0 -116.21094 133.83594 -191.348
15 0 -122.734375 136.28906 -191.348
15 0 -126.40625 137.53906 -191.348
15 0 -130.29688 134.04688 -191.348
15 0 -133.39844 131.35156 -191.348
15 0 -128.6875 126.75 -191.348
15 0 -127.09375 124.52344 -191.348
15 0 -128.03125 123.765625 -191.348
15 0 -128.57031 121.72656 -191.348
15 0 -128.50781 121.703125 -191.348
15 0 -128.19531 121.42969 -191.348
15 0 -127.5 118.765625 -191.348
15 0 -126.75 116.453125 -191.348
15 0 -126.71094 115.5625 -191.348
15 0 -126.83594 110.78125 -191.348
15 0 -127.796875 108.625 -191.348
15 0 -127.078125 107.6875 -191.348
15 0 -125.78125 104.75 -191.348
15 1 -119.52344 101.53125 -191.348
15 1 -124.52344 109.27344 -191.348
15 1 -126.72656 112.66406 -191.348
15 1 -126.96094 113.5 -191.348
15 1 -126.89844 113.74219 -191.348
15 1 -126.72656 114.33594 -191.348
15 1 -123.515625 119.421875 -191.348

16 0 -128.4375 121.39844 -187.348
16 0 -129.97656 122.75 -187.348
16 0 -130.78906 123.05469 -187.348
16 0 -130.46875 124.28906 -187.348
16 0 -128.36719 125.97656 -187.348
16 0 -131.92188 130.9375 -187.348
16 0 -134.52344 133.47656 -187.348
16 0 -132.8125 134.96094 -187.348
16 0 -127.546875 139.67969 -187.348
16 0 -126.89844 139.46094 -187.348
16 0 -117.49219 135.91406 -187.348
16 0 -115.296875 135.67969 -187.348
16 0 -105.9375 133.04688 -187.348
16 0 -95.17969 150.34375 -187.348
16 0 -90.60156 155.70312 -187.348
16 0 -74.11719 159.92969 -187.348
16 0 -69.109375 160.86719 -187.348
16 0 -52.203125 157.48438 -187.348
16 0 -47.195312 156.07812 -187.348
16 0 -29.257812 132.25781 -187.348
16 0 -27.085938 125.75 -187.348
16 0 -35.859375 100.58594 -187.348
16 0 -36.828125 98.484375 -187.348
16 0 -37.367188 96.99219 -187.348
16 0 -41.320312 95.328125 -187.348
16 0 -62.757812 83.421875 -187.348
16 0 -66.25781 83.74219 -187.348
16 0 -86.109375 85.55469 -187.348
16 0 -97.66406 89.16406 -187.348
16 0 -109.9375 91.39844 -187.348
16 0 -113.35156 89.96875 -187.348
16 0 -116.40625 87.671875 -187.348
16 0 -118.77344 90.46094 -187.348
16 0 -124.96094 95.69531 -187.348
16 0 -125.875 98.24219 -187.348
16 0 -126.3125 100.125 -187.348
16 0 -126.38281 100.69531 -187.348
16 0 -126.484375 100.984375 -187.348
16 0 -126.71875 101.50781 -187.348
16 0 -129.33594 104.9375 -187.348
16 0 -128.76562 106.21094 -187.348
16 1 -120.328125 98.32031 -187.348
16 1 -127.140625 102.25781 -187.348
16 1 -127.72656 103.16406 -187.348
16 1 -130.625 113.5 -187.348
16 1 -129.89844 116.49219 -187.348
16 1 -127.72656 123.83594 -187.348
16 1 -127.515625 124.171875 -187.348
16 1 -127.140625 124.78125 -187.348
16 1 -121.984375 128.23438 -187.348

17 0 -129.17969 103.92969 -183.348
17 0 -129.32812 103.71094 -183.348
17 0 -130.57031 102.3125 -183.348
17 0 -129.80469 101.39844 -183.348
17 0 -127.47656 98.921875 -183.348
17 0 -127.16406 97.59375 -183.348
17 0 -125.82031 93.83594 -183.348
17 0 -116.6875 86.109375 -183.348
17 0 -116.25 85.59375 -183.348
17 0 -111.90625 88.85156 -183.348
17 0 -111.27344 89.11719 -183.348
17 0 -92.22656 85.64844 -183.348
17 0 -87.0625 84.03125 -183.348
17 0 -62.570312 81.78906 -183.348
17 0 -61.617188 81.703125 -183.348
17 0 -52.015625 87.03906 -183.348
17 0 -40.125 92.69531 -183.348
17 0 -36.429688 94.14844 -183.348
17 0 -34.265625 97.82031 -183.348
17 0 -24.960938 125.453125 -183.348
17 0 -24.4375 128.20312 -183.348
17 0 -24.984375 128.79688 -183.348
17 0 -48.359375 159.85156 -183.348
17 0 -48.609375 159.89844 -183.348
17 0 -71.609375 164.49219 -183.348
17 0 -71.8125 164.44531 -183.348
17 0 -94.234375 158.69531 -183.348
17 0 -94.38281 158.52344 -183.348
17 0 -108.9375 134.42969 -183.348
17 0 -109.10156 134.20312 -183.348
17 0 -118.32031 136.02344 -183.348
17 0 -118.625 138.95312 -183.348
17 0 -120.75781 139.83594 -183.348
17 0 -128.64844 142.99219 -183.348
17 0 -130.39062 140.82031 -183.348
17 0 -134.07812 137 -183.348
17 0 -135.32812 135.875 -183.348
17 0 -135.64844 135.60156 -183.348
17 0 -135.16406 135.125 -183.348
17 0 -129.64062 127.4375 -183.348
17 0 -132.90625 124.8125 -183.348
17 0 -133.01562 124.390625 -183.348
17 0 -131.45312 123.80469 -183.348
17 1 -121.125 96.71875 -183.348
17 1 -126.03125 99.55469 -183.348
17 1 -128.57812 100.92969 -183.348
17 1 -132.44531 106.67969 -183.348
17 1 -133.35938 109.99219 -183.348
17 1 -133.77344 109.53906 -183.348
17 1 -134.66406 108.046875 -183.348
17 1 -135.03125 113.5 -183.348
17 1 -134.66406 119.44531 -183.348
17 1 -134.41406 119.109375 -183.348
17 1 -133.35938 117.35156 -183.348
17 1 -132.89844 119.24219 -183.348
17 1 -132.44531 120.78125 -183.348
17 1 -130.14062 123.71875 -183.348
17 1 -128.57812 126.07031 -183.348
17 1 -124.86719 128.55469 -183.348

18 0 -132.42969 124.77344 -179.348
18 0 -133.64062 125.25781 -179.348
18 0 -133.8125 125.78125 -179.348
18 0 -131.15625 127.765625 -179.348
18 0 -130.6875 128.94531 -179.348
18 0 -132.61719 132.32031 -179.348
18 0 -136.86719 138.39844 -179.348
18 0 -133.69531 141.69531 -179.348
18 0 -129.74219 146.63281 -179.348
18 0 -125.13281 144.78906 -179.348
18 0 -119.67969 142.53125 -179.348
18 0 -118.90625 135.02344 -179.348
18 0 -111.14844 133.49219 -179.348
18 0 -110.15625 134.83594 -179.348
18 0 -97.35156 156.03906 -179.348
18 0 -94.71875 159.10938 -179.348
18 0 -74.984375 164.17188 -179.348
18 0 -71.53906 164.97656 -179.348
18 0 -51.304688 160.92969 -179.348
18 0 -46.914062 160.125 -179.348
18 0 -26.335938 132.79688 -179.348
18 0 -23.148438 129.28906 -179.348
18 0 -26.210938 113.203125 -179.348
18 0 -31.109375 98.66406 -179.348
18 0 -36.648438 89.265625 -179.348
18 0 -46.125 85.52344 -179.348
18 0 -60.15625 78.85156 -179.348
18 0 -65.484375 78.828125 -179.348
18 0 -87.890625 81.9375 -179.348
18 0 -88.984375 82.35156 -179.348
18 0 -111.03125 85.94531 -179.348
18 0 -111.578125 86.78125 -179.348
18 0 -111.99219 87.5625 -179.348
18 0 -112.8125 87.359375 -179.348
18 0 -116.625 84.5 -179.348
18 0 -126.53125 91.92969 -179.348
18 0 -126.734375 92.03125 -179.348
18 0 -126.703125 92.203125 -179.348
18 0 -126.890625 92.578125 -179.348
18 0 -128.45312 96.953125 -179.348
18 0 -128.53906 97.32031 -179.348
18 0 -129.19531 98.015625 -179.348
18 0 -131.49219 100.77344 -179.348
18 0 -131.14844 101.16406 -179.348
18 1 -121.92969 95.11719 -179.348
18 1 -124.140625 96.39844 -179.348
18 1 -129.42188 99.24219 -179.348
18 1 -131.90625 102.9375 -179.348
18 1 -134.14844 106.58594 -179.348
18 1 -134.74219 106.21094 -179.348
18 1 -135.66406 105.60156 -179.348
18 1 -136.57812 110.484375 -179.348
18 1 -136.78125 113.5 -179.348
18 1 -136.57812 116.78125 -179.348
18 1 -135.66406 121.97656 -179.348
18 1 -134.99219 121.55469 -179.348
18 1 -134.14844 120.99219 -179.348
18 1 -132.67188 122.875 -179.348
18 1 -129.42188 127.75 -179.348
18 1 -127.75 128.875 -179.348

19 0 -132.42969 125.57031 -175.348
19 0 -132.54688 125.61719 -175.348
19 0 -133.08594 127.234375 -175.348
19 0 -132.82031 127.4375 -175.348
19 0 -131.61719 130.47656 -175.348
19 0 -136.61719 139.25781 -175.348
19 0 -138.11719 141.39844 -175.348
19 0 -137 142.5625 -175.348
19 0 -130.83594 150.26562 -175.348
19 0 -129.51562 149.74219 -175.348
19 0 -120.72656 146.11719 -175.348
19 0 -119.49219 134.02344 -175.348
19 0 -113.19531 132.78125 -175.348
19 0 -111.375 135.24219 -175.348
19 0 -100.3125 153.55469 -175.348
19 0 -95.19531 159.52344 -175.348
19 0 -78.15625 163.89844 -175.348
19 0 -71.47656 165.46094 -175.348
19 0 -53.992188 161.96094 -175.348
19 0 -45.460938 160.39844 -175.348
19 0 -27.695312 136.79688 -175.348
19 0 -21.859375 130.36719 -175.348
19 0 -27.460938 100.953125 -175.348
19 0 -27.945312 99.50781 -175.348
19 0 -34.695312 88.0625 -175.348
19 0 -36.75 84.625 -175.348
19 0 -36.8125 84.52344 -175.348
19 0 -37.65625 84.0625 -175.348
19 0 -52.125 78.359375 -175.348
19 0 -58.507812 75.32031 -175.348
19 0 -72.34375 75.25781 -175.348
19 0 -88.21094 77.46094 -175.348
19 0 -94.984375 80.02344 -175.348
19 0 -110.3125 82.52344 -175.348
19 0 -111.578125 84.4375 -175.348
19 0 -112.52344 86.234375 -175.348
19 0 -114.41406 85.75781 -175.348
19 0 -117.15625 83.703125 -175.348
19 0 -124.28906 89.05469 -175.348
19 0 -128.78906 91.234375 -175.348
19 0 -128.14844 95.08594 -175.348
19 0 -129.50781 97.82031 -175.348
19 0 -131.85156 100.625 -175.348
19 0 -132.49219 100.953125 -175.348
19 0 -131.59375 102.30469 -175.348
19 1 -122.69531 94.09375 -175.348
19 1 -129.85156 97.94531 -175.348
19 1 -130.22656 98.16406 -175.348
19 1 -134.55469 105.203125 -175.348
19 1 -134.89062 105.671875 -175.348
19 1 -136.41406 104.66406 -175.348
19 1 -136.60938 104.55469 -175.348
19 1 -138.15625 112.78125 -175.348
19 1 -138.17969 113.5 -175.348
19 1 -138.15625 114.28125 -175.348
19 1 -136.60938 123.015625 -175.348
19 1 -135.07031 121.99219 -175.348
19 1 -134.89062 121.89844 -175.348
19 1 -130.82812 127.99219 -175.348
19 1 -130.22656 128.83594 -175.348
19 1 -123.1875 133.16406 -175.348
19 2 -117.640625 29.1875 -175.348
19 2 -115.83594 26.898438 -175.348
19 2 -109.84375 28.398438 -175.348
19 2 -112.65625 33.828125 -175.348
19 2 -116.96094 43.820312 -175.348
19 2 -117.84375 45.375 -175.348
19 2 -119.109375 48.710938 -175.348
19 2 -119.92969 43.945312 -175.348
19 2 -119.890625 42.960938 -175.348
19 2 -118.66406 30.8125 -175.348

20 0 -133.44531 125.15625 -171.348
20 0 -133.51562 125.36719 -171.348
20 0 -133.89844 126.953125 -171.348
20 0 -133.55469 127.89844 -171.348
20 0 -132.44531 130.57812 -171.348
20 0 -136.52344 138.03125 -171.348
20 0 -139.0625 142.64844 -171.348
20 0 -133.67188 148.84375 -171.348
20 0 -131.60938 151.15625 -171.348
20 0 -124.09375 147.13281 -171.348
20 0 -121.4375 145.92188 -171.348
20 0 -121.09375 142.95312 -171.348
20 0 -120.07031 133.02344 -171.348
20 0 -115.234375 132.07031 -171.348
20 0 -112.59375 135.65625 -171.348
20 0 -103.28125 151.07031 -171.348
20 0 -95.67969 159.9375 -171.348
20 0 -81.328125 163.61719 -171.348
20 0 -71.40625 165.94531 -171.348
20 0 -56.679688 163 -171.348
20 0 -44.015625 160.67969 -171.348
20 0 -29.046875 140.79688 -171.348
20 0 -20.570312 131.45312 -171.348
20 0 -25.617188 104.97656 -171.348
20 0 -25.859375 99.765625 -171.348
20 0 -33.390625 87.171875 -171.348
20 0 -35.265625 83.97656 -171.348
20 0 -56.234375 72.640625 -171.348
20 0 -56.945312 72.21875 -171.348
20 0 -60.4375 71.77344 -171.348
20 0 -79.203125 71.6875 -171.348
20 0 -88.53125 72.984375 -171.348
20 0 -100.984375 77.6875 -171.348
20 0 -109.60156 79.09375 -171.348
20 0 -111.578125 82.09375 -171.348
20 0 -113.05469 84.89844 -171.348
20 0 -116.015625 84.15625 -171.348
20 0 -117.6875 82.89844 -171.348
20 0 -122.05469 86.171875 -171.348
20 0 -130.85156 90.42969 -171.348
20 0 -129.58594 97.96875 -171.348
20 0 -130.42188 99.63281 -171.348
20 0 -131.85156 101.35156 -171.348
20 0 -133.54688 102.21094 -171.348
20 0 -133.07031 102.92969 -171.348
20 1 -123.33594 95.69531 -171.348
20 1 -128.41406 98.42969 -171.348
20 1 -130.85938 99.84375 -171.348
20 1 -133.50781 104.14844 -171.348
20 1 -135.6875 107.27344 -171.348
20 1 -136.00781 107.0625 -171.348
20 1 -137.34375 106.375 -171.348
20 1 -137.78906 108.78125 -171.348
20 1 -137.92969 113.5 -171.348
20 1 -137.78906 118.640625 -171.348
20 1 -137.34375 121.203125 -171.348
20 1 -136.89062 120.89844 -171.348
20 1 -135.6875 120.296875 -171.348
20 1 -134.82812 121.59375 -171.348
20 1 -130.85938 127.14844 -171.348
20 1 -126.55469 129.79688 -171.348
20 2 -120.703125 28.484375 -171.348
20 2 -119.109375 26.453125 -171.348
20 2 -117.61719 25.75 -171.348
20 2 -116.25781 24.992188 -171.348
20 2 -114.07031 25.460938 -171.348
20 2 -107.078125 27.210938 -171.348
20 2 -105.24219 42.6875 -171.348
20 2 -105.19531 42.8125 -171.348
20 2 -105.19531 42.921875 -171.348
20 2 -105.22656 43.28125 -171.348
20 2 -110.765625 53.0625 -171.348
20 2 -113.875 61.289062 -171.348
20 2 -115.28906 65.109375 -171.348
20 2 -116.38281 66.140625 -171.348
20 2 -118.58594 67.265625 -171.348
20 2 -121.03125 64.82031 -171.348
20 2 -121.625 62.96875 -171.348
20 2 -122.515625 55.382812 -171.348
20 2 -124.546875 43.632812 -171.348
20 2 -124.25 37.140625 -171.348
20 2 -123.890625 33.585938 -171.348

21 0 -117.10156 24.359375 -167.348
21 0 -111.97656 25.460938 -167.348
21 0 -108.02344 26.453125 -167.348
21 0 -106.99219 35.1875 -167.348
21 0 -104.78125 41.546875 -167.348
21 0 -104.625 47.117188 -167.348
21 0 -105.49219 58.109375 -167.348
21 0 -106.9375 69.4375 -167.348
21 0 -106.875 69.453125 -167.348
21 0 -106.66406 69.4375 -167.348
21 0 -106.984375 69.60156 -167.348
21 0 -110.38281 72.80469 -167.348
21 0 -112.30469 73.78906 -167.348
21 0 -114.71094 75.609375 -167.348
21 0 -117.85156 77.03906 -167.348
21 0 -117.953125 77.0625 -167.348
21 0 -118.00781 77.015625 -167.348
21 0 -120.890625 73.703125 -167.348
21 0 -121.47656 72.375 -167.348
21 0 -125.265625 68.58594 -167.348
21 0 -127.16406 62.664062 -167.348
21 0 -128.50781 51.242188 -167.348
21 0 -128.21094 43.554688 -167.348
21 0 -128.1875 43.289062 -167.348
21 0 -127.109375 36.257812 -167.348
21 0 -123.765625 27.820312 -167.348
21 0 -123.75781 27.796875 -167.348
21 0 -123.74219 27.773438 -167.348
21 0 -120.28125 26.125 -167.348
21 1 -133.00781 122.140625 -167.348
21 1 -133.03125 122.203125 -167.348
21 1 -134.53125 124.625 -167.348
21 1 -133.71875 127.44531 -167.348
21 1 -133.22656 129.53906 -167.348
21 1 -135.375 134.04688 -167.348
21 1 -139.63281 141.78906 -167.348
21 1 -137.67188 144.04688 -167.348
21 1 -132.1875 150.20312 -167.348
21 1 -127.74219 147.82812 -167.348
21 1 -122.10156 145.25 -167.348
21 1 -121.36719 138.95312 -167.348
21 1 -120.65625 132.02344 -167.348
21 1 -117.28125 131.35938 -167.348
21 1 -113.8125 136.0625 -167.348
21 1 -106.25 148.59375 -167.348
21 1 -96.16406 160.35156 -167.348
21 1 -84.5 163.34375 -167.348
21 1 -71.33594 166.42188 -167.348
21 1 -59.375 164.03125 -167.348
21 1 -42.570312 160.95312 -167.348
21 1 -30.40625 144.79688 -167.348
21 1 -19.289062 132.53906 -167.348
21 1 -23.382812 111.02344 -167.348
21 1 -23.90625 99.953125 -167.348
21 1 -30.023438 89.71875 -167.348
21 1 -33.71875 83.42969 -167.348
21 1 -50.757812 74.21875 -167.348
21 1 -55.789062 71.27344 -167.348
21 1 -80.4375 68.140625 -167.348
21 1 -86.0625 68.109375 -167.348
21 1 -88.85156 68.5 -167.348
21 1 -106.984375 75.35156 -167.348
21 1 -108.88281 75.66406 -167.348
21 1 -111.578125 79.75 -167.348
21 1 -113.59375 83.5625 -167.348
21 1 -117.609375 82.5625 -167.348
21 1 -118.22656 82.10156 -167.348
21 1 -119.8125 83.28906 -167.348
21 1 -132.90625 89.63281 -167.348
21 1 -131.02344 100.84375 -167.348
21 1 -131.32812 101.453125 -167.348
21 1 -131.85156 102.078125 -167.348
21 1 -134.60156 103.47656 -167.348
21 1 -134.53906 103.5625 -167.348
21 1 -133.91406 104.203125 -167.348
21 1 -133.17969 105.15625 -167.348
21 2 -123.97656 97.28906 -167.348
21 2 -126.97656 98.90625 -167.348
21 2 -131.48438 101.53125 -167.348
21 2 -132.45312 103.09375 -167.348
21 2 -133.63281 104.78125 -167.348
21 2 -134.70312 109.42969 -167.348
21 2 -135.57812 113.5 -167.348
21 2 -135.05469 115.80469 -167.348
21 2 -133.63281 122.46875 -167.348
21 2 -131.48438 125.46875 -167.348
21 2 -129.92188 126.42969 -167.348
21 3 -137.64062 114.82031 -167.348
21 3 -137.67969 113.5 -167.348
21 3 -137.64062 112.28125 -167.348
21 3 -136.8125 113.5 -167.348
21 3 -137.36719 114.50781 -167.348

22 0 -129.625 44.03125 -163.348
22 0 -129.52344 42.84375 -163.348
22 0 -128.91406 38.851562 -163.348
22 0 -127.015625 34.070312 -163.348
22 0 -126.42969 30.46875 -163.348
22 0 -123.74219 26.882812 -163.348
22 0 -122.953125 26.507812 -163.348
22 0 -117.94531 23.734375 -163.348
22 0 -109.88281 25.460938 -163.348
22 0 -108.97656 25.6875 -163.348
22 0 -108.74219 27.6875 -163.348
22 0 -104.359375 40.289062 -163.348
22 0 -104.05469 51.304688 -163.348
22 0 -104.49219 56.859375 -163.348
22 0 -105.21875 62.578125 -163.348
22 0 -96.015625 64.875 -163.348
22 0 -95.859375 64.86719 -163.348
22 0 -89.24219 65.82031 -163.348
22 0 -83.390625 66.671875 -163.348
22 0 -54.632812 70.328125 -163.348
22 0 -45.289062 75.796875 -163.348
22 0 -32.179688 82.88281 -163.348
22 0 -26.664062 92.265625 -163.348
22 0 -21.953125 100.13281 -163.348
22 0 -21.148438 117.07031 -163.348
22 0 -18 133.625 -163.348
22 0 -31.757812 148.79688 -163.348
22 0 -41.117188 161.22656 -163.348
22 0 -62.0625 165.07031 -163.348
22 0 -71.265625 166.90625 -163.348
22 0 -87.671875 163.07031 -163.348
22 0 -96.64844 160.76562 -163.348
22 0 -109.21094 146.10938 -163.348
22 0 -115.03906 136.46875 -163.348
22 0 -119.328125 130.64844 -163.348
22 0 -121.24219 131.02344 -163.348
22 0 -121.640625 134.95312 -163.348
22 0 -122.47656 142.10156 -163.348
22 0 -123.71094 143.3125 -163.348
22 0 -126.65625 146.35938 -163.348
22 0 -131.39844 148.52344 -163.348
22 0 -132.75781 149.25 -163.348
22 0 -136.53906 145.00781 -163.348
22 0 -139.82812 138.14062 -163.348
22 0 -136.53906 132.40625 -163.348
22 0 -133.95312 126.99219 -163.348
22 0 -134.36719 125.25 -163.348
22 0 -134.74219 117.61719 -163.348
22 0 -134.70312 117.55469 -163.348
22 0 -134.6875 117.42969 -163.348
22 0 -133.9375 111.96094 -163.348
22 0 -134.14062 110.85156 -163.348
22 0 -134.44531 109.33594 -163.348
22 0 -134.00781 107.67969 -163.348
22 0 -133.61719 106.75781 -163.348
22 0 -133.02344 105.375 -163.348
22 0 -132.19531 104.546875 -163.348
22 0 -131.71875 102.10156 -163.348
22 0 -133.39062 98.21875 -163.348
22 0 -134.96094 88.828125 -163.348
22 0 -124 83.52344 -163.348
22 0 -125.03125 79.25 -163.348
22 0 -126.89844 77.46094 -163.348
22 0 -127.55469 76.703125 -163.348
22 0 -129.47656 72.375 -163.348
22 0 -129.50781 72.35156 -163.348
22 0 -129.53125 72.265625 -163.348
22 0 -130.10156 65.390625 -163.348
22 0 -130.20312 62.53125 -163.348
22 0 -130.10156 56.617188 -163.348
22 1 -124.61719 98.890625 -163.348
22 1 -125.53125 99.38281 -163.348
22 1 -128.42969 101.07031 -163.348
22 1 -130.67188 104.52344 -163.348
22 1 -131.85156 106.55469 -163.348
22 1 -133.05469 111.78125 -163.348
22 1 -133.42188 113.5 -163.348
22 1 -131.85156 120.4375 -163.348
22 1 -128.42969 126.21094 -163.348

23 0 -103.50781 54.445312 -159.348
23 0 -103.484375 55.492188 -159.348
23 0 -103.49219 55.609375 -159.348
23 0 -103.50781 55.71875 -159.348
23 0 -103.32031 55.765625 -159.348
23 0 -97.32031 61.390625 -159.348
23 0 -96.46094 63.296875 -159.348
23 0 -94.38281 63.8125 -159.348
23 0 -89.6875 64.49219 -159.348
23 0 -73.61719 66.82031 -159.348
23 0 -53.46875 69.375 -159.348
23 0 -39.8125 77.375 -159.348
23 0 -30.632812 82.33594 -159.348
23 0 -23.296875 94.80469 -159.348
23 0 -20 100.32031 -159.348
23 0 -18.914062 123.11719 -159.348
23 0 -16.710938 134.71094 -159.348
23 0 -33.117188 152.79688 -159.348
23 0 -39.671875 161.50781 -159.348
23 0 -64.75 166.10156 -159.348
23 0 -71.19531 167.39062 -159.348
23 0 -90.84375 162.79688 -159.348
23 0 -97.13281 161.17969 -159.348
23 0 -112.17969 143.625 -159.348
23 0 -116.25781 136.875 -159.348
23 0 -121.36719 129.9375 -159.348
23 0 -121.82031 130.02344 -159.348
23 0 -121.921875 130.95312 -159.348
23 0 -122.11719 132.64844 -159.348
23 0 -127.71094 138.13281 -159.348
23 0 -132.82031 143.42188 -159.348
23 0 -136.52344 137.01562 -159.348
23 0 -139.51562 130.75781 -159.348
23 0 -137.33594 126.94531 -159.348
23 0 -134.96875 125.16406 -159.348
23 0 -133.60156 118.359375 -159.348
23 0 -133.60938 118.11719 -159.348
23 0 -133.61719 117.984375 -159.348
23 0 -133.50781 117.15625 -159.348
23 0 -133.03906 111.17969 -159.348
23 0 -132.89062 110.57031 -159.348
23 0 -132.02344 104.359375 -159.348
23 0 -131.41406 101.17969 -159.348
23 0 -136.99219 88.21875 -159.348
23 0 -137.02344 88.03125 -159.348
23 0 -136.80469 87.921875 -159.348
23 0 -136.85156 87.71875 -159.348
23 0 -132.34375 78.71875 -159.348
23 0 -132.36719 78.61719 -159.348
23 0 -130.85938 73.36719 -159.348
23 0 -131.10156 70.390625 -159.348
23 0 -131.38281 62.53125 -159.348
23 0 -131.10156 46.28125 -159.348
23 0 -131.03906 44.5 -159.348
23 0 -130.85938 42.398438 -159.348
23 0 -130.71094 41.453125 -159.348
23 0 -130.26562 40.320312 -159.348
23 0 -129.09375 33.132812 -159.348
23 0 -128.42969 32.25 -159.348
23 0 -125.47656 27.921875 -159.348
23 0 -123.875 26.351562 -159.348
23 0 -119.85156 24.242188 -159.348
23 0 -118.46875 23.382812 -159.348
23 0 -115.875 23.554688 -159.348
23 0 -109.66406 24.929688 -159.348
23 0 -104.765625 37.6875 -159.348
23 0 -103.86719 39.007812 -159.348
23 1 -135.70312 78.14844 -159.348
23 1 -132.91406 78.75 -159.348
23 1 -135.03125 79.99219 -159.348
23 1 -135.57031 80.74219 -159.348
23 1 -136.57031 78.75 -159.348
23 1 -135.97656 78.53125 -159.348
23 2 -125.125 104.96094 -159.348
23 2 -127.921875 109.27344 -159.348
23 2 -130.36719 113.5 -159.348

24 0 -133.27344 111.17969 -155.348
24 0 -131.95312 105.625 -155.348
24 0 -131.45312 102.078125 -155.348
24 0 -131.10156 100.25 -155.348
24 0 -134.36719 92.671875 -155.348
24 0 -134.85938 86.78906 -155.348
24 0 -131.85156 84.71094 -155.348
24 0 -133.75781 85.5 -155.348
24 0 -134.74219 86.00781 -155.348
24 0 -136.14844 84.875 -155.348
24 0 -137.0625 84.22656 -155.348
24 0 -137.32812 83.15625 -155.348
24 0 -138.21875 79.33594 -155.348
24 0 -136.61719 77.27344 -155.348
24 0 -136.48438 76.78906 -155.348
24 0 -136.35156 76.609375 -155.348
24 0 -134.74219 74.46875 -155.348
24 0 -134.07812 74.33594 -155.348
24 0 -131.85156 73.64844 -155.348
24 0 -131.94531 72.25781 -155.348
24 0 -132.42969 62.53125 -155.348
24 0 -131.71875 51.476562 -155.348
24 0 -131.27344 44.796875 -155.348
24 0 -131.27344 42.351562 -155.348
24 0 -131.27344 41.078125 -155.348
24 0 -130.875 40.882812 -155.348
24 0 -130.55469 39.992188 -155.348
24 0 -129.49219 39.851562 -155.348
24 0 -125.921875 39.40625 -155.348
24 0 -124.99219 36.46875 -155.348
24 0 -124.05469 33.976562 -155.348
24 0 -125.921875 33.4375 -155.348
24 0 -128.73438 33.125 -155.348
24 0 -128.73438 31.523438 -155.348
24 0 -128.57812 30.710938 -155.348
24 0 -127.9375 29.765625 -155.348
24 0 -124.0625 25.976562 -155.348
24 0 -121.765625 24.765625 -155.348
24 0 -118.99219 23.03125 -155.348
24 0 -113.78906 23.382812 -155.348
24 0 -110.234375 24.164062 -155.348
24 0 -107.4375 31.46875 -155.348
24 0 -103.203125 37.671875 -155.348
24 0 -102.97656 47.25 -155.348
24 0 -102.24219 54.601562 -155.348
24 0 -98.71094 57.914062 -155.348
24 0 -96.984375 61.726562 -155.348
24 0 -92.82031 62.765625 -155.348
24 0 -90.13281 63.15625 -155.348
24 0 -63.835938 66.96875 -155.348
24 0 -52.3125 68.42969 -155.348
24 0 -34.335938 78.953125 -155.348
24 0 -29.085938 81.796875 -155.348
24 0 -19.929688 97.35156 -155.348
24 0 -18.046875 100.50781 -155.348
24 0 -16.679688 129.15625 -155.348
24 0 -15.421875 135.79688 -155.348
24 0 -34.476562 156.79688 -155.348
24 0 -38.226562 161.78125 -155.348
24 0 -67.4375 167.13281 -155.348
24 0 -71.125 167.875 -155.348
24 0 -94.015625 162.51562 -155.348
24 0 -97.609375 161.59375 -155.348
24 0 -115.140625 141.14062 -155.348
24 0 -117.47656 137.28125 -155.348
24 0 -121.015625 132.47656 -155.348
24 0 -121.80469 128.33594 -155.348
24 0 -125.359375 128.92969 -155.348
24 0 -130.28125 131.55469 -155.348
24 0 -131.71094 132.95312 -155.348
24 0 -132.49219 133.75781 -155.348
24 0 -134.14062 130.89062 -155.348
24 0 -138.875 125.71875 -155.348
24 0 -136.11719 123.640625 -155.348
24 0 -135.30469 119.60156 -155.348
24 0 -133.58594 115.19531 -155.348

25 0 -133.50781 111.17969 -151.348
25 0 -131.00781 100.6875 -151.348
25 0 -130.88281 99.78906 -151.348
25 0 -130.79688 99.328125 -151.348
25 0 -131.61719 97.421875 -151.348
25 0 -132.60938 85.53906 -151.348
25 0 -131.85156 85.015625 -151.348
25 0 -132.32812 85.21875 -151.348
25 0 -133.19531 85.65625 -151.348
25 0 -133.50781 83.49219 -151.348
25 0 -135.36719 83.796875 -151.348
25 0 -136.35156 82.765625 -151.348
25 0 -137.77344 82.05469 -151.348
25 0 -137.99219 81.15625 -151.348
25 0 -138.21875 80.19531 -151.348
25 0 -137.8125 79.67969 -151.348
25 0 -136.48438 74.78906 -151.348
25 0 -135.14844 73.00781 -151.348
25 0 -134.74219 72.46875 -151.348
25 0 -132.41406 72.00781 -151.348
25 0 -131.85156 71.828125 -151.348
25 0 -132.30469 64.984375 -151.348
25 0 -132.42969 62.53125 -151.348
25 0 -132.25 59.742188 -151.348
25 0 -131.27344 45.0625 -151.348
25 0 -131.27344 39.6875 -151.348
25 0 -131.27344 39.359375 -151.348
25 0 -130.30469 38.882812 -151.348
25 0 -130.22656 38.65625 -151.348
25 0 -126.49219 38.1875 -151.348
25 0 -125.59375 38.078125 -151.348
25 0 -124.80469 35.601562 -151.348
25 0 -123.74219 32.0625 -151.348
25 0 -126.22656 31.351562 -151.348
25 0 -127.796875 30.898438 -151.348
25 0 -127.796875 30.195312 -151.348
25 0 -127.96094 29.6875 -151.348
25 0 -125.5 26.8125 -151.348
25 0 -124.25781 25.59375 -151.348
25 0 -123.671875 25.289062 -151.348
25 0 -119.50781 22.6875 -151.348
25 0 -111.703125 23.203125 -151.348
25 0 -110.80469 23.40625 -151.348
25 0 -110.10156 25.242188 -151.348
25 0 -102.53906 36.335938 -151.348
25 0 -102.47656 38.75 -151.348
25 0 -100.99219 53.601562 -151.348
25 0 -100.109375 54.4375 -151.348
25 0 -97.5 60.164062 -151.348
25 0 -91.25781 61.726562 -151.348
25 0 -90.578125 61.820312 -151.348
25 0 -54.0625 67.11719 -151.348
25 0 -51.15625 67.484375 -151.348
25 0 -28.867188 80.53125 -151.348
25 0 -27.539062 81.25 -151.348
25 0 -16.570312 99.89844 -151.348
25 0 -16.09375 100.69531 -151.348
25 0 -14.453125 135.20312 -151.348
25 0 -14.1328125 136.875 -151.348
25 0 -35.828125 160.79688 -151.348
25 0 -36.773438 162.05469 -151.348
25 0 -70.13281 168.17188 -151.348
25 0 -71.0625 168.35938 -151.348
25 0 -97.1875 162.24219 -151.348
25 0 -98.09375 162.00781 -151.348
25 0 -118.109375 138.65625 -151.348
25 0 -118.69531 137.6875 -151.348
25 0 -119.58594 136.47656 -151.348
25 0 -121.52344 126.33594 -151.348
25 0 -130.21094 127.78125 -151.348
25 0 -132.01562 128.75 -151.348
25 0 -136.125 124.640625 -151.348
25 0 -137.95312 122.640625 -151.348
25 0 -137.25781 122.11719 -151.348
25 0 -137.05469 121.10156 -151.348
25 0 -133.58594 112.19531 -151.348

26 0 -132.42969 62.53125 -147.348
26 0 -132.07812 57.046875 -147.348
26 0 -131.27344 44.976562 -147.348
26 0 -131.27344 40.554688 -147.348
26 0 -131.27344 39.921875 -147.348
26 0 -130.49219 39.53125 -147.348
26 0 -130.33594 39.09375 -147.348
26 0 -127.46875 38.734375 -147.348
26 0 -125.703125 38.507812 -147.348
26 0 -124.15625 33.648438 -147.348
26 0 -123.74219 32.273438 -147.348
26 0 -124.703125 32 -147.348
26 0 -127.796875 31.117188 -147.348
26 0 -127.796875 30.84375 -147.348
26 0 -128.125 29.851562 -147.348
26 0 -126.640625 28.117188 -147.348
26 0 -124.19531 25.71875 -147.348
26 0 -123.05469 25.117188 -147.348
26 0 -119.34375 22.796875 -147.348
26 0 -112.38281 23.265625 -147.348
26 0 -110.61719 23.65625 -147.348
26 0 -109.234375 27.273438 -147.348
26 0 -102.75 36.773438 -147.348
26 0 -102.640625 41.523438 -147.348
26 0 -101.40625 53.929688 -147.348
26 0 -99.64844 55.570312 -147.348
26 0 -97.33594 60.671875 -147.348
26 0 -91.765625 62.0625 -147.348
26 0 -90.4375 62.257812 -147.348
26 0 -57.25 67.0625 -147.348
26 0 -51.53125 67.78906 -147.348
26 0 -30.648438 80.015625 -147.348
26 0 -28.046875 81.42969 -147.348
26 0 -17.664062 99.07031 -147.348
26 0 -16.734375 100.63281 -147.348
26 0 -15.1796875 133.23438 -147.348
26 0 -14.5546875 136.52344 -147.348
26 0 -35.390625 159.5 -147.348
26 0 -37.25 161.96875 -147.348
26 0 -69.25 167.83594 -147.348
26 0 -71.08594 168.20312 -147.348
26 0 -96.15625 162.32812 -147.348
26 0 -97.9375 161.875 -147.348
26 0 -117.140625 139.46875 -147.348
26 0 -118.296875 137.55469 -147.348
26 0 -120.05469 135.17188 -147.348
26 0 -121.61719 126.984375 -147.348
26 0 -128.63281 128.15625 -147.348
26 0 -132.17969 130.04688 -147.348
26 0 -134.65625 127.57031 -147.348
26 0 -138.25 123.64844 -147.348
26 0 -136.88281 122.61719 -147.348
26 0 -136.48438 120.609375 -147.348
26 0 -133.58594 113.171875 -147.348
26 0 -133.42969 111.17969 -147.348
26 0 -131.3125 102.296875 -147.348
26 0 -131.07031 100.53125 -147.348
26 0 -130.89844 99.63281 -147.348
26 0 -132.51562 95.86719 -147.348
26 0 -133.34375 85.94531 -147.348
26 0 -131.85156 84.91406 -147.348
26 0 -132.79688 85.30469 -147.348
26 0 -134.5 86.17969 -147.348
26 0 -134.54688 85.83594 -147.348
26 0 -134.84375 85.890625 -147.348
26 0 -136.78906 83.85156 -147.348
26 0 -137.33594 83.578125 -147.348
26 0 -137.78125 81.8125 -147.348
26 0 -138.21875 79.91406 -147.348
26 0 -137.42188 78.890625 -147.348
26 0 -136.48438 75.4375 -147.348
26 0 -135.53906 74.1875 -147.348
26 0 -134.74219 73.125 -147.348
26 0 -132.95312 72.765625 -147.348
26 0 -131.85156 72.421875 -147.348
26 0 -132.1875 67.35156 -147.348

27 0 -134.73438 119.109375 -143.348
27 0 -133.58594 116.171875 -143.348
27 0 -133.19531 111.17969 -143.348
27 0 -132.25781 107.234375 -143.348
27 0 -131.64062 102.82031 -143.348
27 0 -131.20312 100.55469 -143.348
27 0 -135.26562 91.11719 -143.348
27 0 -135.59375 87.19531 -143.348
27 0 -131.85156 84.609375 -143.348
27 0 -134.22656 85.59375 -143.348
27 0 -134.74219 85.859375 -143.348
27 0 -136.89062 84.13281 -143.348
27 0 -137.0625 84.00781 -143.348
27 0 -137.10938 83.8125 -143.348
27 0 -138.21875 79.0625 -143.348
27 0 -137.125 77.65625 -143.348
27 0 -136.35938 77.38281 -143.348
27 0 -135.19531 75.71875 -143.348
27 0 -134.74219 75.125 -143.348
27 0 -134.625 75.10156 -143.348
27 0 -133.25781 74.67969 -143.348
27 0 -131.90625 74.5625 -143.348
27 0 -131.75781 74.046875 -143.348
27 0 -131.78125 73.765625 -143.348
27 0 -132.17188 62.53125 -143.348
27 0 -132.08594 57.195312 -143.348
27 0 -131.53906 48.78125 -143.348
27 0 -131.27344 44.710938 -143.348
27 0 -131.27344 43.21875 -143.348
27 0 -131.27344 41.632812 -143.348
27 0 -131.0625 41.53125 -143.348
27 0 -130.66406 40.421875 -143.348
27 0 -130.46875 40.398438 -143.348
27 0 -126.03125 39.84375 -143.348
27 0 -125.859375 39.296875 -143.348
27 0 -124.27344 35.0625 -143.348
27 0 -124.61719 34.960938 -143.348
27 0 -129.38281 34.429688 -143.348
27 0 -129.38281 34.132812 -143.348
27 0 -128.95312 31.828125 -143.348
27 0 -127.13281 29.164062 -143.348
27 0 -124 26.101562 -143.348
27 0 -121.140625 24.59375 -143.348
27 0 -118.82031 23.148438 -143.348
27 0 -114.46875 23.4375 -143.348
27 0 -110.046875 24.414062 -143.348
27 0 -106.5625 33.492188 -143.348
27 0 -103.421875 38.109375 -143.348
27 0 -103.140625 50.023438 -143.348
27 0 -102.65625 54.929688 -143.348
27 0 -98.25781 59.046875 -143.348
27 0 -96.8125 62.234375 -143.348
27 0 -93.328125 63.109375 -143.348
27 0 -89.99219 63.59375 -143.348
27 0 -67.02344 66.921875 -143.348
27 0 -52.6875 68.74219 -143.348
27 0 -36.125 78.4375 -143.348
27 0 -29.585938 81.96875 -143.348
27 0 -21.03125 96.52344 -143.348
27 0 -18.6875 100.44531 -143.348
27 0 -17.414062 127.1875 -143.348
27 0 -15.84375 135.4375 -143.348
27 0 -34.03125 155.5 -143.348
27 0 -38.695312 161.6875 -143.348
27 0 -66.5625 166.79688 -143.348
27 0 -71.14844 167.71875 -143.348
27 0 -92.984375 162.60938 -143.348
27 0 -97.453125 161.46094 -143.348
27 0 -114.17969 141.95312 -143.348
27 0 -117.078125 137.14844 -143.348
27 0 -121.484375 131.17188 -143.348
27 0 -121.89844 128.98438 -143.348
27 0 -123.77344 129.29688 -143.348
27 0 -126.375 130.6875 -143.348
27 0 -130.40625 134.64062 -143.348
27 0 -132.59375 136.90625 -143.348
27 0 -137.27344 128.80469 -143.348
27 0 -139.17969 126.72656 -143.348
27 0 -135.74219 124.140625 -143.348
27 1 -125.390625 111.42969 -143.348
27 1 -126.07031 112.47656 -143.348
27 1 -126.66406 113.5 -143.348

28 0 -120.703125 130.16406 -139.348
28 0 -121.63281 130.35156 -139.348
28 0 -121.828125 132.25781 -139.348
28 0 -122.234375 135.72656 -139.348
28 0 -126.40625 139.82031 -139.348
28 0 -132.92969 146.57812 -139.348
28 0 -134.46875 143.90625 -139.348
28 0 -139.61719 133.16406 -139.348
28 0 -135.86719 126.61719 -139.348
28 0 -134.60156 125.66406 -139.348
28 0 -133.86719 122.00781 -139.348
28 0 -133.98438 117.9375 -139.348
28 0 -134.04688 115.59375 -139.348
28 0 -133.49219 111.34375 -139.348
28 0 -133.23438 110.375 -139.348
28 0 -132.80469 109.36719 -139.348
28 0 -132.21094 105.109375 -139.348
28 0 -131.50781 101.47656 -139.348
28 0 -135.8125 91.47656 -139.348
28 0 -136.35156 88.28906 -139.348
28 0 -132.63281 86.49219 -139.348
28 0 -133.46094 83.03125 -139.348
28 0 -131.04688 78.19531 -139.348
28 0 -131.4375 76.57031 -139.348
28 0 -130.42188 73.046875 -139.348
28 0 -130.78125 68.765625 -139.348
28 0 -131 62.53125 -139.348
28 0 -130.78125 49.648438 -139.348
28 0 -130.57812 44.34375 -139.348
28 0 -130.42188 42.539062 -139.348
28 0 -130.125 40.609375 -139.348
28 0 -129.20312 38.289062 -139.348
28 0 -128.22656 32.265625 -139.348
28 0 -126.25781 29.640625 -139.348
28 0 -124.671875 27.320312 -139.348
28 0 -123.8125 26.476562 -139.348
28 0 -119.22656 24.078125 -139.348
28 0 -118.296875 23.492188 -139.348
28 0 -116.55469 23.609375 -139.348
28 0 -109.47656 25.179688 -139.348
28 0 -104.72656 37.546875 -139.348
28 0 -104.07031 39.4375 -139.348
28 0 -103.671875 54.132812 -139.348
28 0 -103.82031 56.015625 -139.348
28 0 -104.0625 57.953125 -139.348
28 0 -100.89844 58.75 -139.348
28 0 -96.86719 62.523438 -139.348
28 0 -96.28906 63.804688 -139.348
28 0 -94.89844 64.14844 -139.348
28 0 -89.546875 64.921875 -139.348
28 0 -76.80469 66.77344 -139.348
28 0 -53.851562 69.6875 -139.348
28 0 -41.59375 76.859375 -139.348
28 0 -31.132812 82.515625 -139.348
28 0 -24.390625 93.97656 -139.348
28 0 -20.640625 100.25781 -139.348
28 0 -19.640625 121.140625 -139.348
28 0 -17.132812 134.35938 -139.348
28 0 -32.671875 151.5 -139.348
28 0 -40.140625 161.41406 -139.348
28 0 -63.875 165.76562 -139.348
28 0 -71.21875 167.23438 -139.348
28 0 -89.8125 162.88281 -139.348
28 0 -96.96875 161.04688 -139.348
28 0 -111.21094 144.4375 -139.348
28 0 -115.859375 136.74219 -139.348
28 1 -124.99219 101.83594 -139.348
28 1 -128.82031 107.72656 -139.348
28 1 -131.85156 112.96094 -139.348
28 1 -131.94531 113.36719 -139.348
28 1 -131.96875 113.5 -139.348
28 1 -131.85156 114.03906 -139.348
28 1 -130.48438 116.33594 -139.348

29 0 -133.00781 117.828125 -135.348
29 0 -133.26562 118.41406 -135.348
29 0 -134.74219 120.88281 -135.348
29 0 -134.57812 124.16406 -135.348
29 0 -133.71094 127.82031 -135.348
29 0 -139.14844 139.1875 -135.348
29 0 -139.92969 140.54688 -135.348
29 0 -139.14844 142.17969 -135.348
29 0 -132.57031 149.55469 -135.348
29 0 -130.20312 148.29688 -135.348
29 0 -122.55469 144.80469 -135.348
29 0 -121.55469 136.25781 -135.348
29 0 -121.046875 131.35156 -135.348
29 0 -118.65625 130.875 -135.348
29 0 -114.640625 136.33594 -135.348
29 0 -108.24219 146.91406 -135.348
29 0 -96.49219 160.63281 -135.348
29 0 -86.640625 163.15625 -135.348
29 0 -71.28906 166.75 -135.348
29 0 -61.1875 164.72656 -135.348
29 0 -41.59375 161.14062 -135.348
29 0 -31.320312 147.5 -135.348
29 0 -18.414062 133.27344 -135.348
29 0 -21.875 115.09375 -135.348
29 0 -22.59375 100.078125 -135.348
29 0 -27.757812 91.42969 -135.348
29 0 -32.679688 83.0625 -135.348
29 0 -47.070312 75.28125 -135.348
29 0 -55.007812 70.63281 -135.348
29 0 -86.578125 66.625 -135.348
29 0 -89.10156 66.25781 -135.348
29 0 -91.94531 65.84375 -135.348
29 0 -99.55469 66.36719 -135.348
29 0 -105.78125 64.8125 -135.348
29 0 -104.82031 57.265625 -135.348
29 0 -104.24219 49.9375 -135.348
29 0 -104.49219 40.695312 -135.348
29 0 -108.171875 30.132812 -135.348
29 0 -108.671875 25.9375 -135.348
29 0 -110.5625 25.460938 -135.348
29 0 -117.671875 23.9375 -135.348
29 0 -122.078125 26.382812 -135.348
29 0 -123.74219 27.171875 -135.348
29 0 -125.55469 29.59375 -135.348
29 0 -125.953125 32.039062 -135.348
29 0 -128.32812 38.007812 -135.348
29 0 -129.08594 42.984375 -135.348
29 0 -129.16406 43.875 -135.348
29 0 -129.78125 59.984375 -135.348
29 0 -129.82031 62.53125 -135.348
29 0 -129.78125 63.765625 -135.348
29 0 -129.53125 66.71875 -135.348
29 0 -128.125 71.125 -135.348
29 0 -126.86719 72.375 -135.348
29 0 -125.38281 75.71875 -135.348
29 0 -124 77.3125 -135.348
29 0 -120.07031 81.078125 -135.348
29 0 -119.828125 82.09375 -135.348
29 0 -134.28906 89.09375 -135.348
29 0 -132.21875 101.47656 -135.348
29 0 -131.82031 102.39844 -135.348
29 0 -131.92969 102.984375 -135.348
29 0 -133.67188 104.72656 -135.348
29 0 -134.32031 106.22656 -135.348
29 0 -133.95312 106.69531 -135.348
29 0 -133.03906 107.88281 -135.348
29 0 -132.83594 108.89844 -135.348
29 1 -124.40625 98.36719 -135.348
29 1 -126.00781 99.22656 -135.348
29 1 -131.03906 102.15625 -135.348
29 1 -131.57031 102.97656 -135.348
29 1 -131.85156 103.46094 -135.348
29 1 -133.59375 111.015625 -135.348
29 1 -134.125 113.5 -135.348
29 1 -131.85156 123.53906 -135.348
29 1 -131.03906 124.90625 -135.348

30 0 -133.21875 123.25 -131.348
30 0 -133.51562 124.22656 -131.348
30 0 -134.36719 125.60156 -131.348
30 0 -133.08594 130.05469 -131.348
30 0 -132.98438 130.30469 -131.348
30 0 -133.15625 130.61719 -131.348
30 0 -139.44531 142.07031 -131.348
30 0 -136.36719 145.60938 -131.348
30 0 -132 150.50781 -131.348
30 0 -126.55469 147.60156 -131.348
30 0 -121.890625 145.46875 -131.348
30 0 -121.27344 140.25781 -131.348
30 0 -120.46875 132.35156 -131.348
30 0 -116.61719 131.58594 -131.348
30 0 -113.41406 135.92969 -131.348
30 0 -105.28125 149.39844 -131.348
30 0 -96.00781 160.21875 -131.348
30 0 -83.46094 163.4375 -131.348
30 0 -71.359375 166.26562 -131.348
30 0 -58.492188 163.69531 -131.348
30 0 -43.039062 160.85938 -131.348
30 0 -29.960938 143.5 -131.348
30 0 -19.703125 132.1875 -131.348
30 0 -24.109375 109.046875 -131.348
30 0 -24.546875 99.890625 -131.348
30 0 -31.117188 88.890625 -131.348
30 0 -34.226562 83.609375 -131.348
30 0 -52.546875 73.703125 -131.348
30 0 -56.164062 71.58594 -131.348
30 0 -73.921875 69.328125 -131.348
30 0 -83.82031 69.27344 -131.348
30 0 -88.75 69.96094 -131.348
30 0 -105.03125 76.11719 -131.348
30 0 -109.11719 76.78125 -131.348
30 0 -111.578125 80.515625 -131.348
30 0 -113.41406 84 -131.348
30 0 -117.09375 83.078125 -131.348
30 0 -118.046875 82.359375 -131.348
30 0 -120.53906 84.234375 -131.348
30 0 -132.23438 89.890625 -131.348
30 0 -130.55469 99.90625 -131.348
30 0 -131.03125 100.859375 -131.348
30 0 -131.85156 101.84375 -131.348
30 0 -134.25781 103.0625 -131.348
30 0 -134.0625 103.359375 -131.348
30 1 -123.765625 96.77344 -131.348
30 1 -127.44531 98.75 -131.348
30 1 -131.28125 100.984375 -131.348
30 1 -132.79688 103.4375 -131.348
30 1 -134.64844 106.08594 -131.348
30 1 -135.23438 108.65625 -131.348
30 1 -135.90625 111.75781 -131.348
30 1 -136.60156 110.9375 -131.348
30 1 -137.64062 109.41406 -131.348
30 1 -137.75781 113.5 -131.348
30 1 -137.64062 117.953125 -131.348
30 1 -136.71094 116.89844 -131.348
30 1 -135.90625 115.41406 -131.348
30 1 -134.64844 121.30469 -131.348
30 1 -131.28125 126.015625 -131.348
30 1 -128.82031 127.53125 -131.348
30 2 -125.015625 31.609375 -131.348
30 2 -122.765625 28.007812 -131.348
30 2 -122.25 27.351562 -131.348
30 2 -119.41406 26.007812 -131.348
30 2 -116.828125 24.570312 -131.348
30 2 -112.66406 25.460938 -131.348
30 2 -107.71875 26.703125 -131.348
30 2 -106.421875 37.632812 -131.348
30 2 -104.91406 41.960938 -131.348
30 2 -104.8125 45.75 -131.348
30 2 -105.765625 57.835938 -131.348
30 2 -106 58.25 -131.348
30 2 -106.125 58.59375 -131.348
30 2 -109.625 68.078125 -131.348
30 2 -112.33594 70.63281 -131.348
30 2 -116.47656 72.74219 -131.348
30 2 -117.10156 73.21875 -131.348
30 2 -117.953125 73.609375 -131.348
30 2 -118.71875 72.71875 -131.348
30 2 -118.86719 72.375 -131.348
30 2 -123.890625 67.359375 -131.348
30 2 -125.359375 62.765625 -131.348
30 2 -127.57031 43.921875 -131.348
30 2 -127.65625 43.429688 -131.348
30 2 -127.61719 42.53125 -131.348
30 2 -126.52344 35.40625 -131.348

31 0 -131.90625 103.42969 -127.34801
31 0 -132.58594 102.72656 -127.34801
31 0 -133.20312 101.80469 -127.34801
31 0 -131.85156 101.11719 -127.34801
31 0 -130.125 99.03906 -127.34801
31 0 -129.11719 97.02344 -127.34801
31 0 -130.17969 90.69531 -127.34801
31 0 -122.78125 87.109375 -127.34801
31 0 -117.515625 83.16406 -127.34801
31 0 -115.49219 84.67969 -127.34801
31 0 -112.88281 85.33594 -127.34801
31 0 -111.578125 82.859375 -127.34801
31 0 -109.828125 80.21094 -127.34801
31 0 -99.03125 78.44531 -127.34801
31 0 -88.42969 74.44531 -127.34801
31 0 -76.96875 72.85156 -127.34801
31 0 -57.398438 72.94531 -127.34801
31 0 -56.171875 73.53125 -127.34801
31 0 -53.382812 74.63281 -127.34801
31 0 -35.773438 84.15625 -127.34801
31 0 -34.484375 86.34375 -127.34801
31 0 -26.5 99.703125 -127.34801
31 0 -26.34375 103 -127.34801
31 0 -20.992188 131.10156 -127.34801
31 0 -28.609375 139.5 -127.34801
31 0 -44.484375 160.58594 -127.34801
31 0 -55.804688 162.66406 -127.34801
31 0 -71.42969 165.78906 -127.34801
31 0 -80.28906 163.71094 -127.34801
31 0 -95.52344 159.80469 -127.34801
31 0 -102.3125 151.88281 -127.34801
31 0 -112.19531 135.52344 -127.34801
31 0 -114.57031 132.29688 -127.34801
31 0 -119.88281 133.35156 -127.34801
31 0 -121 144.25781 -127.34801
31 0 -121.21875 146.13281 -127.34801
31 0 -122.89844 146.90625 -127.34801
31 0 -131.42969 151.46094 -127.34801
31 0 -132.36719 150.41406 -127.34801
31 0 -138.875 142.92188 -127.34801
31 0 -138.15625 141.61719 -127.34801
31 0 -132.1875 130.70312 -127.34801
31 0 -132.80469 129.20312 -127.34801
31 0 -133.57031 127.11719 -127.34801
31 0 -133.32812 126.109375 -127.34801
31 1 -119.82031 63.070312 -127.34801
31 1 -120.07031 60.921875 -127.34801
31 1 -123.046875 43.734375 -127.34801
31 1 -122.828125 39.039062 -127.34801
31 1 -122.1875 32.679688 -127.34801
31 1 -119.703125 28.710938 -127.34801
31 1 -117.58594 26.023438 -127.34801
31 1 -116.75 25.625 -127.34801
31 1 -115.984375 25.203125 -127.34801
31 1 -114.75781 25.460938 -127.34801
31 1 -106.765625 27.460938 -127.34801
31 1 -105.69531 36.484375 -127.34801
31 1 -107.53125 40.023438 -127.34801
31 1 -108.875 43.148438 -127.34801
31 1 -113.07031 50.554688 -127.34801
31 1 -117.625 62.59375 -127.34801
31 1 -118.02344 63.679688 -127.34801
31 1 -118.33594 63.96875 -127.34801
31 1 -118.96094 64.28906 -127.34801
31 1 -119.65625 63.59375 -127.34801
31 2 -123.125 95.171875 -127.34801
31 2 -128.88281 98.27344 -127.34801
31 2 -130.64844 99.296875 -127.34801
31 2 -133.85156 104.49219 -127.34801
31 2 -135.42969 106.75781 -127.34801
31 2 -136.14062 106.28125 -127.34801
31 2 -137.10156 105.78125 -127.34801
31 2 -137.91406 110.08594 -127.34801
31 2 -138.00781 113.5 -127.34801
31 2 -137.91406 117.21875 -127.34801
31 2 -137.10156 121.796875 -127.34801
31 2 -136.29688 121.25781 -127.34801
31 2 -135.42969 120.82031 -127.34801
31 2 -133.52344 123.67969 -127.34801
31 2 -130.64844 127.703125 -127.34801
31 2 -125.453125 130.89844 -127.34801

32 0 -130.96094 102.25 -123.34801
32 0 -131.11719 102.09375 -123.34801
32 0 -132.14844 100.53906 -123.34801
32 0 -131.85156 100.38281 -123.34801
32 0 -129.21094 97.22656 -123.34801
32 0 -127.67969 94.14844 -123.34801
32 0 -128.125 91.49219 -123.34801
32 0 -125.02344 89.99219 -123.34801
32 0 -116.984375 83.96094 -123.34801
32 0 -113.890625 86.28125 -123.34801
32 0 -112.35156 86.66406 -123.34801
32 0 -111.578125 85.203125 -123.34801
32 0 -110.546875 83.640625 -123.34801
32 0 -93.03125 80.78125 -123.34801
32 0 -88.109375 78.921875 -123.34801
32 0 -70.109375 76.421875 -123.34801
32 0 -59.046875 76.47656 -123.34801
32 0 -50.171875 80.69531 -123.34801
32 0 -36.796875 85.96875 -123.34801
32 0 -28.976562 99.22656 -123.34801
32 0 -27.054688 104.953125 -123.34801
32 0 -22.28125 130.01562 -123.34801
32 0 -27.25 135.5 -123.34801
32 0 -45.9375 160.3125 -123.34801
32 0 -53.117188 161.625 -123.34801
32 0 -71.5 165.30469 -123.34801
32 0 -77.11719 163.98438 -123.34801
32 0 -95.03906 159.39062 -123.34801
32 0 -99.35156 154.36719 -123.34801
32 0 -110.97656 135.10938 -123.34801
32 0 -112.52344 133.00781 -123.34801
32 0 -119.296875 134.35156 -123.34801
32 0 -120.38281 144.94531 -123.34801
32 0 -128.08594 148.125 -123.34801
32 0 -130.47656 149.07812 -123.34801
32 0 -135.92188 142.28125 -123.34801
32 0 -137.71094 140.42188 -123.34801
32 0 -135.3125 136.99219 -123.34801
32 0 -131.3125 129.97656 -123.34801
32 0 -132.28125 127.546875 -123.34801
32 0 -133.32812 126.765625 -123.34801
32 0 -132.90625 125.5 -123.34801
32 1 -122.46875 94.03906 -123.34801
32 1 -122.859375 94.27344 -123.34801
32 1 -129.98438 98.109375 -123.34801
32 1 -130.42969 98.77344 -123.34801
32 1 -134.64062 105.60156 -123.34801
32 1 -134.74219 105.53906 -123.34801
32 1 -136.33594 104.47656 -123.34801
32 1 -137.92969 112.96094 -123.34801
32 1 -137.96094 113.5 -123.34801
32 1 -137.92969 114.08594 -123.34801
32 1 -136.33594 123.10156 -123.34801
32 1 -136.21875 123.02344 -123.34801
32 1 -134.64062 121.96875 -123.34801
32 1 -134.375 122.3125 -123.34801
32 1 -129.98438 128.89062 -123.34801
32 1 -129.6875 129.08594 -123.34801
32 2 -116.953125 29.914062 -123.34801
32 2 -116.64844 29.414062 -123.34801
32 2 -116.10156 28.71875 -123.34801
32 2 -114.27344 29.179688 -123.34801
32 2 -115.13281 30.828125 -123.34801
32 2 -117.63281 36.632812 -123.34801

33 0 -132.42969 124.50781 -119.34801
33 0 -134 125.140625 -119.34801
33 0 -134.05469 125.30469 -119.34801
33 0 -130.60938 127.875 -119.34801
33 0 -130.39062 128.4375 -119.34801
33 0 -131.3125 130.0625 -119.34801
33 0 -136.46094 137.42188 -119.34801
33 0 -132.61719 141.40625 -119.34801
33 0 -129.39062 145.44531 -119.34801
33 0 -123.703125 143.17188 -119.34801
33 0 -119.33594 141.36719 -119.34801
33 0 -118.71875 135.35156 -119.34801
33 0 -110.484375 133.72656 -119.34801
33 0 -109.75781 134.70312 -119.34801
33 0 -96.38281 156.85156 -119.34801
33 0 -94.55469 158.97656 -119.34801
33 0 -73.94531 164.26562 -119.34801
33 0 -71.5625 164.82031 -119.34801
33 0 -50.421875 160.59375 -119.34801
33 0 -47.382812 160.03125 -119.34801
33 0 -25.898438 131.5 -119.34801
33 0 -23.570312 128.92969 -119.34801
33 0 -25.804688 117.203125 -119.34801
33 0 -32.132812 98.390625 -119.34801
33 0 -36.578125 90.859375 -119.34801
33 0 -44.171875 87.86719 -119.34801
33 0 -60.695312 80 -119.34801
33 0 -63.25 79.99219 -119.34801
33 0 -79.625 82.265625 -119.34801
33 0 -87.703125 83.00781 -119.34801
33 0 -88.5625 83.27344 -119.34801
33 0 -93.32031 84.140625 -119.34801
33 0 -111.25781 87.07031 -119.34801
33 0 -111.578125 87.546875 -119.34801
33 0 -111.8125 88 -119.34801
33 0 -112.28906 87.88281 -119.34801
33 0 -116.453125 84.765625 -119.34801
33 0 -122.625 89.39844 -119.34801
33 0 -126.39844 92.58594 -119.34801
33 0 -128.03125 97.16406 -119.34801
33 0 -128.19531 97.84375 -119.34801
33 0 -129.39062 99.11719 -119.34801
33 0 -131.19531 101.27344 -119.34801
33 0 -130.55469 101.99219 -119.34801
33 1 -121.66406 95.640625 -119.34801
33 1 -124.75781 97.42969 -119.34801
33 1 -129.14844 99.78906 -119.34801
33 1 -132.61719 104.953125 -119.34801
33 1 -133.91406 107.0625 -119.34801
33 1 -134.74219 106.53906 -119.34801
33 1 -135.33594 106.140625 -119.34801
33 1 -135.92969 109.28906 -119.34801
33 1 -136.21094 113.5 -119.34801
33 1 -135.92969 118.08594 -119.34801
33 1 -135.33594 121.42969 -119.34801
33 1 -134.39844 120.84375 -119.34801
33 1 -133.91406 120.515625 -119.34801
33 1 -131.84375 123.14844 -119.34801
33 1 -129.14844 127.203125 -119.34801
33 1 -126.80469 128.76562 -119.34801

34 0 -130.05469 122.65625 -115.34801
34 0 -130.96875 123.46094 -115.34801
34 0 -132.28906 123.953125 -115.34801
34 0 -132.10938 124.640625 -115.34801
34 0 -129.21875 126.96094 -115.34801
34 0 -134.10938 133.76562 -115.34801
34 0 -135.28125 134.90625 -115.34801
34 0 -134.50781 135.57812 -115.34801
34 0 -131.46875 138.30469 -115.34801
34 0 -129.3125 140.53906 -115.34801
34 0 -128.29688 141.8125 -115.34801
34 0 -119.328125 138.21875 -115.34801
34 0 -118.28125 137.78906 -115.34801
34 0 -118.13281 136.35156 -115.34801
34 0 -111.25 134.99219 -115.34801
34 0 -108.265625 134.14844 -115.34801
34 0 -94.47656 156.32031 -115.34801
34 0 -93.1875 157.83594 -115.34801
34 0 -72.32031 163.1875 -115.34801
34 0 -70.90625 163.45312 -115.34801
34 0 -49.507812 159.17188 -115.34801
34 0 -48.09375 158.77344 -115.34801
34 0 -25.390625 128.625 -115.34801
34 0 -25.0625 127.640625 -115.34801
34 0 -27.90625 119.484375 -115.34801
34 0 -35.296875 97.546875 -115.34801
34 0 -36.359375 95.74219 -115.34801
34 0 -38.171875 95.03125 -115.34801
34 0 -44.007812 92.25781 -115.34801
34 0 -61.992188 82.265625 -115.34801
34 0 -63.773438 82.42969 -115.34801
34 0 -86.75 84.53125 -115.34801
34 0 -94 86.796875 -115.34801
34 0 -110.83594 89.859375 -115.34801
34 0 -112.375 89.21875 -115.34801
34 0 -116.296875 86.27344 -115.34801
34 0 -117.36719 87.53125 -115.34801
34 0 -125.53906 94.44531 -115.34801
34 0 -126.74219 97.80469 -115.34801
34 0 -127.125 99.44531 -115.34801
34 0 -130.00781 102.5 -115.34801
34 0 -130.26562 102.8125 -115.34801
34 0 -129.4375 103.75 -115.34801
34 1 -120.86719 97.24219 -115.34801
34 1 -126.64844 100.58594 -115.34801
34 1 -128.30469 101.47656 -115.34801
34 1 -130.8125 105.21094 -115.34801
34 1 -133.03125 113.25 -115.34801
34 1 -134.03125 112.140625 -115.34801
34 1 -134.33594 111.63281 -115.34801
34 1 -134.46094 113.5 -115.34801
34 1 -134.33594 115.53125 -115.34801
34 1 -133.10938 113.890625 -115.34801
34 1 -133.03125 113.765625 -115.34801
34 1 -131.92188 118.34375 -115.34801
34 1 -130.8125 122.08594 -115.34801
34 1 -129.32031 123.99219 -115.34801
34 1 -128.30469 125.515625 -115.34801
34 1 -123.92969 128.44531 -115.34801

35 0 -120.0625 98.84375 -111.34801
35 0 -124.09375 101.171875 -111.34801
35 0 -127.39844 106.25781 -111.34801
35 0 -129.42969 113.5 -111.34801
35 0 -128.92188 115.59375 -111.34801
35 0 -127.39844 120.734375 -111.34801
35 0 -126.21094 122.61719 -111.34801
35 0 -124.09375 126.08594 -111.34801
35 0 -121.046875 128.125 -111.34801
35 1 -127.328125 109.11719 -111.34801
35 1 -127.89844 108.24219 -111.34801
35 1 -128.83594 106.140625 -111.34801
35 1 -126.83594 103.52344 -111.34801
35 1 -126.25781 102.21094 -111.34801
35 1 -125.984375 101.47656 -111.34801
35 1 -125.828125 100.03906 -111.34801
35 1 -125.453125 98.453125 -111.34801
35 1 -124.6875 96.296875 -111.34801
35 1 -119.453125 91.875 -111.34801
35 1 -116.46094 88.35156 -111.34801
35 1 -113.82031 90.33594 -111.34801
35 1 -109.50781 92.14844 -111.34801
35 1 -99.4375 90.3125 -111.34801
35 1 -85.796875 86.05469 -111.34801
35 1 -67.46875 84.375 -111.34801
35 1 -63.132812 83.97656 -111.34801
35 1 -45.890625 93.55469 -111.34801
35 1 -38.34375 96.734375 -111.34801
35 1 -37.328125 99.578125 -111.34801
35 1 -35.476562 103.578125 -111.34801
35 1 -28.0625 124.84375 -111.34801
35 1 -31.132812 134.01562 -111.34801
35 1 -46.765625 154.77344 -111.34801
35 1 -53.507812 156.67188 -111.34801
35 1 -68.24219 159.61719 -111.34801
35 1 -74.99219 158.35156 -111.34801
35 1 -89.35156 154.66406 -111.34801
35 1 -95.52344 147.45312 -111.34801
35 1 -104.8125 132.51562 -111.34801
35 1 -112.89844 134.78906 -111.34801
35 1 -117.07031 135.24219 -111.34801
35 1 -125.53906 138.42969 -111.34801
35 1 -127.17969 138.98438 -111.34801
35 1 -131.99219 134.66406 -111.34801
35 1 -134.15625 132.78125 -111.34801
35 1 -130.86719 129.57031 -111.34801
35 1 -127.94531 125.50781 -111.34801
35 1 -129.67969 124.11719 -111.34801
35 1 -130.07031 122.625 -111.34801
35 1 -129.5 122.40625 -111.34801

36 0 -45.429688 150.77344 -107.34801
36 0 -57.507812 154.17188 -107.34801
36 0 -65.578125 155.78125 -107.34801
36 0 -77.65625 153.51562 -107.34801
36 0 -85.52344 151.5 -107.34801
36 0 -96.57031 138.58594 -107.34801
36 0 -101.359375 130.88281 -107.34801
36 0 -105.53125 132.05469 -107.34801
36 0 -115.78906 133.15625 -107.34801
36 0 -121.375 135.25781 -107.34801
36 0 -126.03125 136.83594 -107.34801
36 0 -129.48438 133.75 -107.34801
36 0 -133.03125 130.65625 -107.34801
36 0 -127.63281 125.38281 -107.34801
36 0 -126.67969 124.05469 -107.34801
36 0 -127.24219 123.60156 -107.34801
36 0 -127.609375 122.17969 -107.34801
36 0 -127.80469 120.9375 -107.34801
36 0 -128.05469 119.07031 -107.34801
36 0 -127.67969 117.64844 -107.34801
36 0 -127.40625 116.77344 -107.34801
36 0 -127.14844 110.78125 -107.34801
36 0 -127.16406 110.125 -107.34801
36 0 -127.296875 109.83594 -107.34801
36 0 -127.19531 109.703125 -107.34801
36 0 -125.546875 105.97656 -107.34801
36 0 -124.78906 103.875 -107.34801
36 0 -124.328125 99.78906 -107.34801
36 0 -124.16406 99.10156 -107.34801
36 0 -123.828125 98.15625 -107.34801
36 0 -121.546875 96.22656 -107.34801
36 0 -116.61719 90.42969 -107.34801
36 0 -115.25781 91.453125 -107.34801
36 0 -108.171875 94.42969 -107.34801
36 0 -104.88281 93.83594 -107.34801
36 0 -84.85156 87.578125 -107.34801
36 0 -71.15625 86.328125 -107.34801
36 0 -64.27344 85.69531 -107.34801
36 0 -59.890625 88.13281 -107.34801
36 0 -41.34375 95.92969 -107.34801
36 0 -38.835938 102.92969 -107.34801
36 0 -34.304688 112.75 -107.34801
36 0 -31.0625 122.03906 -107.34801
36 0 -36.875 139.40625 -107.34801
36 1 -119.265625 104.66406 -107.34801
36 1 -124.96875 113.5 -107.34801
36 1 -122.21094 117.86719 -107.34801

37 0 -116.69531 92.578125 -103.34801
37 0 -115.75 92.97656 -103.34801
37 0 -107.80469 96.890625 -103.34801
37 0 -107.05469 97.50781 -103.34801
37 0 -102.203125 94.82031 -103.34801
37 0 -83.89844 89.10156 -103.34801
37 0 -74.85156 88.27344 -103.34801
37 0 -69.05469 87.74219 -103.34801
37 0 -64.5 88.421875 -103.34801
37 0 -65.015625 86.890625 -103.34801
37 0 -65.24219 86.046875 -103.34801
37 0 -62.453125 86.27344 -103.34801
37 0 -49.734375 92.86719 -103.34801
37 0 -44.34375 95.13281 -103.34801
37 0 -40.351562 106.28125 -103.34801
37 0 -34.242188 119.50781 -103.34801
37 0 -38.773438 133.32812 -103.34801
37 0 -42.609375 144.79688 -103.34801
37 0 -44.09375 146.77344 -103.34801
37 0 -61.507812 151.67188 -103.34801
37 0 -62.90625 151.95312 -103.34801
37 0 -80.32031 148.6875 -103.34801
37 0 -81.6875 148.33594 -103.34801
37 0 -97.609375 129.71094 -103.34801
37 0 -97.90625 129.24219 -103.34801
37 0 -98.15625 129.3125 -103.34801
37 0 -114.50781 131.07812 -103.34801
37 0 -117.21094 132.09375 -103.34801
37 0 -124.890625 134.69531 -103.34801
37 0 -126.96875 132.83594 -103.34801
37 0 -131.90625 128.53125 -103.34801
37 0 -127.55469 124.28125 -103.34801
37 0 -125.234375 119.234375 -103.34801
37 0 -125.40625 118.140625 -103.34801
37 0 -125.5 117.42969 -103.34801
37 0 -124.89844 111.671875 -103.34801
37 0 -124.921875 109.953125 -103.34801
37 0 -124.75 109.49219 -103.34801
37 0 -123.58594 106.27344 -103.34801
37 0 -122.96875 100.8125 -103.34801
37 0 -118.22656 94.21094 -103.34801
37 0 -116.78125 92.515625 -103.34801

38 0 -82.94531 90.625 -99.34801
38 0 -78.53906 90.21875 -99.34801
38 0 -75.72656 89.96094 -99.34801
38 0 -64.25 91.671875 -99.34801
38 0 -65.546875 87.828125 -99.34801
38 0 -66.109375 85.703125 -99.34801
38 0 -59.09375 86.27344 -99.34801
38 0 -47.132812 92.46875 -99.34801
38 0 -44.789062 101.46875 -99.34801
38 0 -41.867188 109.63281 -99.34801
38 0 -38.046875 117.90625 -99.34801
38 0 -44 136.07812 -99.34801
38 0 -45.554688 143.08594 -99.34801
38 0 -59.03125 146.875 -99.34801
38 0 -63.929688 148.46094 -99.34801
38 0 -77.40625 145.92969 -99.34801
38 0 -82.30469 144.82812 -99.34801
38 0 -94.11719 131.625 -99.34801
38 0 -99.859375 127.265625 -99.34801
38 0 -112.4375 128.875 -99.34801
38 0 -113.24219 129.03125 -99.34801
38 0 -114.4375 129.39844 -99.34801
38 0 -123.75 132.55469 -99.34801
38 0 -124.453125 131.92188 -99.34801
38 0 -130.78125 126.40625 -99.34801
38 0 -130.46094 126.09375 -99.34801
38 0 -130.16406 125.453125 -99.34801
38 0 -125.140625 119.984375 -99.34801
38 0 -125.1875 116.35156 -99.34801
38 0 -122.90625 110.109375 -99.34801
38 0 -122.390625 108.67969 -99.34801
38 0 -122.109375 106.24219 -99.34801
38 0 -119.28125 102.30469 -99.34801
38 0 -115 96.234375 -99.34801
38 0 -108.359375 99.50781 -99.34801
38 0 -106.14844 101.328125 -99.34801
38 0 -91.85156 93.40625 -99.34801

39 0 -49.875 89.3125 -95.34801
39 0 -44.554688 109.703125 -95.34801
39 0 -43.375 112.984375 -95.34801
39 0 -41.84375 116.3125 -95.34801
39 0 -44.234375 123.609375 -95.34801
39 0 -47.75 139.48438 -95.34801
39 0 -54.828125 141.47656 -95.34801
39 0 -65.92969 145.05469 -95.34801
39 0 -73.00781 143.73438 -95.34801
39 0 -84.10156 141.22656 -95.34801
39 0 -90.30469 134.29688 -95.34801
39 0 -99.36719 127.41406 -95.34801
39 0 -99.96094 124.578125 -95.34801
39 0 -103.13281 125.66406 -95.34801
39 0 -112.17969 127.42969 -95.34801
39 0 -119.44531 129.67969 -95.34801
39 0 -122.75 130.73438 -95.34801
39 0 -127.84375 126.578125 -95.34801
39 0 -125.953125 123.609375 -95.34801
39 0 -125.453125 123.0625 -95.34801
39 0 -125.453125 122.75 -95.34801
39 0 -124.1875 119.28125 -95.34801
39 0 -120.21094 110.17969 -95.34801
39 0 -113.078125 100.078125 -95.34801
39 0 -108.91406 102.13281 -95.34801
39 0 -105.24219 105.140625 -95.34801
39 0 -83.67969 93.203125 -95.34801
39 0 -82.015625 92.57031 -95.34801
39 0 -72.40625 97.02344 -95.34801
39 0 -71.75781 97.44531 -95.34801
39 0 -64.296875 101.17969 -95.34801
39 0 -62.515625 101.3125 -95.34801
39 0 -61.921875 99.99219 -95.34801
39 0 -59.921875 100.35156 -95.34801
39 0 -61.984375 98.17969 -95.34801
39 0 -62.976562 94.234375 -95.34801
39 0 -62.601562 93.921875 -95.34801
39 0 -64.578125 93.21875 -95.34801
39 0 -66.08594 88.75781 -95.34801
39 0 -66.97656 85.35156 -95.34801
39 0 -55.734375 86.27344 -95.34801

40 0 -68.296875 109.17969 -91.34801
40 0 -61.320312 109.71094 -91.34801
40 0 -58.992188 104.52344 -91.34801
40 0 -56.554688 104.96875 -91.34801
40 0 -54.34375 104.59375 -91.34801
40 0 -53.085938 104.390625 -91.34801
40 0 -53.085938 102.02344 -91.34801
40 0 -54.90625 101.94531 -91.34801
40 0 -56.554688 102.1875 -91.34801
40 0 -56.554688 100.25 -91.34801
40 0 -59.234375 97.42969 -91.34801
40 0 -59.726562 95.484375 -91.34801
40 0 -58.273438 94.25 -91.34801
40 0 -66 91.50781 -91.34801
40 0 -66.61719 89.69531 -91.34801
40 0 -67.375 86.80469 -91.34801
40 0 -66.55469 85.3125 -91.34801
40 0 -52.5 86.28906 -91.34801
40 0 -52.398438 86.30469 -91.34801
40 0 -52.398438 86.64844 -91.34801
40 0 -52.382812 87.39844 -91.34801
40 0 -45.234375 117.03125 -91.34801
40 0 -46.671875 116.8125 -91.34801
40 0 -50.96875 116.984375 -91.34801
40 0 -62.351562 134.94531 -91.34801
40 0 -48.773438 130.5625 -91.34801
40 0 -49.953125 135.89062 -91.34801
40 0 -50.632812 136.07812 -91.34801
40 0 -67.92969 141.65625 -91.34801
40 0 -68.609375 141.53125 -91.34801
40 0 -85.90625 137.625 -91.34801
40 0 -86.5 136.96094 -91.34801
40 0 -87.36719 136.30469 -91.34801
40 0 -90.96094 119.078125 -91.34801
40 0 -110.25 125.66406 -91.34801
40 0 -111.109375 125.828125 -91.34801
40 0 -111.80469 126.046875 -91.34801
40 0 -121.90625 129.25781 -91.34801
40 0 -124.75 126.9375 -91.34801
40 0 -123.53906 125.03906 -91.34801
40 0 -116.57031 113.77344 -91.34801
40 0 -114.05469 108.02344 -91.34801
40 0 -111.15625 103.91406 -91.34801
40 0 -109.46094 104.75 -91.34801
40 0 -106.32031 107.328125 -91.34801
40 0 -107.97656 111.765625 -91.34801
40 0 -109.44531 121.28125 -91.34801
40 0 -99.24219 108.890625 -91.34801
40 0 -81.47656 102.171875 -91.34801
40 0 -76.40625 104.52344 -91.34801
40 0 -72.46094 107.09375 -91.34801

41 0 -72.296875 117.17969 -87.34801
41 0 -70.578125 117.30469 -87.34801
41 0 -62.257812 117.17969 -87.34801
41 0 -69.125 119.5 -87.34801
41 0 -72.16406 124.3125 -87.34801
41 0 -76.25781 123.38281 -87.34801
41 0 -81.5 115.78125 -87.34801
41 0 -81.96094 113.578125 -87.34801
41 0 -84.42969 114.421875 -87.34801
41 0 -82.84375 112.49219 -87.34801
41 0 -80.94531 111.77344 -87.34801
41 0 -80.40625 112.02344 -87.34801
41 0 -73.16406 116.74219 -87.34801
41 1 -56.65625 109.16406 -87.34801
41 1 -53.203125 108.4375 -87.34801
41 1 -53.085938 108.421875 -87.34801
41 1 -53.0625 108.14844 -87.34801
41 1 -52.921875 101.96875 -87.34801
41 1 -52.898438 101.15625 -87.34801
41 1 -53.085938 97.97656 -87.34801
41 1 -53.796875 97.77344 -87.34801
41 1 -55.945312 96.703125 -87.34801
41 1 -53.085938 96.32031 -87.34801
41 1 -54.960938 94.38281 -87.34801
41 1 -56.828125 94.38281 -87.34801
41 1 -58.703125 94.11719 -87.34801
41 1 -65.17969 91.41406 -87.34801
41 1 -65.91406 90.52344 -87.34801
41 1 -65.8125 90.14844 -87.34801
41 1 -63.5 85.89844 -87.34801
41 1 -52.5 86.66406 -87.34801
41 1 -49.773438 86.92969 -87.34801
41 1 -49.734375 96.25 -87.34801
41 1 -49.273438 116.28906 -87.34801
41 1 -47.773438 122.484375 -87.34801
41 1 -53.609375 121.609375 -87.34801
41 1 -60.953125 121.91406 -87.34801
41 1 -61.484375 120.4375 -87.34801
41 1 -61.179688 117.0625 -87.34801
41 1 -61.070312 116.875 -87.34801
41 2 -118.15625 124.13281 -87.34801
41 2 -118.60156 127 -87.34801
41 2 -121.07031 127.78906 -87.34801
41 2 -121.66406 127.30469 -87.34801
41 2 -121.40625 126.90625 -87.34801
41 2 -115.828125 117.88281 -87.34801

42 0 -52.296875 104.21094 -83.34801
42 0 -52.28125 103.74219 -83.34801
42 0 -52.398438 103.02344 -83.34801
42 0 -52.328125 100.58594 -83.34801
42 0 -52.445312 98.625 -83.34801
42 0 -55.585938 96.109375 -83.34801
42 0 -55.984375 94.5 -83.34801
42 0 -59.640625 93.97656 -83.34801
42 0 -59.984375 93.984375 -83.34801
42 0 -60.429688 93.67969 -83.34801
42 0 -62.53125 91.140625 -83.34801
42 0 -62.109375 89.55469 -83.34801
42 0 -60.4375 86.49219 -83.34801
42 0 -52.5 87.03906 -83.34801
42 0 -47.148438 87.55469 -83.34801
42 0 -47.0625 105.85156 -83.34801
42 0 -46.625 124.90625 -83.34801
42 0 -58.273438 125.80469 -83.34801
42 0 -59.085938 125.99219 -83.34801
42 0 -59.765625 124.71875 -83.34801
42 0 -60.875 121.66406 -83.34801
42 0 -60.78125 120.66406 -83.34801
42 0 -58.078125 115.84375 -83.34801
42 0 -56.867188 114.21094 -83.34801
42 0 -53.4375 113.72656 -83.34801
42 0 -52.84375 113.46875 -83.34801
42 0 -52.804688 112.921875 -83.34801
42 0 -52.804688 112.359375 -83.34801

43 0 -44.398438 115.453125 -79.34801
43 0 -44.148438 126.234375 -79.34801
43 0 -50.742188 126.75 -79.34801
43 0 -56.734375 128.10938 -79.34801
43 0 -58.476562 124.85156 -79.34801
43 0 -58.882812 123.53125 -79.34801
43 0 -55.398438 119.02344 -79.34801
43 0 -54.882812 118.41406 -79.34801
43 0 -51.390625 116.984375 -79.34801
43 0 -51.34375 116.96875 -79.34801
43 0 -51.054688 112.921875 -79.34801
43 0 -51.023438 108.80469 -79.34801
43 0 -50.960938 107.765625 -79.34801
43 0 -50.851562 104.3125 -79.34801
43 0 -51.351562 101.328125 -79.34801
43 0 -51.015625 99.515625 -79.34801
43 0 -52.179688 94.88281 -79.34801
43 0 -54.5 94.546875 -79.34801
43 0 -55.984375 94.58594 -79.34801
43 0 -57.90625 93.25781 -79.34801
43 0 -59.148438 91.75781 -79.34801
43 0 -58.40625 88.96094 -79.34801
43 0 -57.382812 87.078125 -79.34801
43 0 -52.5 87.41406 -79.34801
43 0 -44.523438 88.17969 -79.34801

44 0 -41.734375 125.05469 -75.34801
44 0 -41.671875 127.57031 -75.34801
44 0 -43.21875 127.6875 -75.34801
44 0 -54.375 130.22656 -75.34801
44 0 -54.789062 129.46875 -75.34801
44 0 -55.882812 125.86719 -75.34801
44 0 -55.398438 125.24219 -75.34801
44 0 -51.28125 120.41406 -75.34801
44 0 -50.460938 120.078125 -75.34801
44 0 -48.078125 118.78906 -75.34801
44 0 -49.351562 113.47656 -75.34801
44 0 -49.304688 112.921875 -75.34801
44 0 -49.304688 112.1875 -75.34801
44 0 -49.625 108.85156 -75.34801
44 0 -49.460938 105.40625 -75.34801
44 0 -49.320312 104.71094 -75.34801
44 0 -49 103.42969 -75.34801
44 0 -47.875 97.234375 -75.34801
44 0 -48.367188 95.265625 -75.34801
44 0 -49.351562 95.125 -75.34801
44 0 -51.984375 95.1875 -75.34801
44 0 -55.375 92.83594 -75.34801
44 0 -55.765625 92.375 -75.34801
44 0 -54.703125 88.36719 -75.34801
44 0 -54.320312 87.66406 -75.34801
44 0 -52.5 87.78906 -75.34801
44 0 -41.898438 88.80469 -75.34801

45 0 -47.09375 103.97656 -71.34801
45 0 -45.15625 96.09375 -71.34801
45 0 -48.5 96.35156 -71.34801
45 0 -48.75 96.57031 -71.34801
45 0 -49.242188 96.28125 -71.34801
45 0 -53 94.08594 -71.34801
45 0 -53.140625 93.47656 -71.34801
45 0 -51.820312 89.0625 -71.34801
45 0 -40.757812 90.11719 -71.34801
45 0 -40.109375 90.00781 -71.34801
45 0 -40.46875 124.296875 -71.34801
45 0 -40.15625 128.35938 -71.34801
45 0 -50.78125 130.78125 -71.34801
45 0 -52.21875 131.28906 -71.34801
45 0 -52.335938 130.21094 -71.34801
45 0 -53.414062 126.69531 -71.34801
45 0 -52.210938 125.0625 -71.34801
45 0 -48.726562 121.32031 -71.34801
45 0 -45.84375 120.25 -71.34801
45 0 -45.367188 120.03906 -71.34801
45 0 -46.945312 117.97656 -71.34801
45 0 -48.28125 114.78906 -71.34801
45 0 -48.46875 112.078125 -71.34801
45 0 -48.382812 109.640625 -71.34801
45 0 -48.195312 109.57031 -71.34801
45 0 -48.148438 109.140625 -71.34801

46 0 -39.539062 92.0625 -67.34801
46 0 -39.820312 119 -67.34801
46 0 -39.046875 128.91406 -67.34801
46 0 -46.648438 130.64062 -67.34801
46 0 -50.148438 131.875 -67.34801
46 0 -50.429688 129.25781 -67.34801
46 0 -51.046875 127.24219 -67.34801
46 0 -48.40625 123.66406 -67.34801
46 0 -46.617188 121.74219 -67.34801
46 0 -45.140625 121.19531 -67.34801
46 0 -43.46875 120.46094 -67.34801
46 0 -45.890625 117.30469 -67.34801
46 0 -47.375 111.875 -67.34801
46 0 -47.585938 111.265625 -67.34801
46 0 -46.046875 110.64844 -67.34801
46 0 -45.546875 106.53906 -67.34801
46 0 -44.875 103.234375 -67.34801
46 0 -43.632812 98.1875 -67.34801
46 0 -45.773438 98.35156 -67.34801
46 0 -46.648438 99.09375 -67.34801
46 0 -48.328125 98.10156 -67.34801
46 0 -50.734375 96.69531 -67.34801
46 0 -51.140625 94.97656 -67.34801
46 0 -50.148438 91.640625 -67.34801
46 0 -41.789062 92.4375 -67.34801

47 0 -48.070312 132.46875 -63.348007
47 0 -48.53125 128.30469 -63.348007
47 0 -48.6875 127.78906 -63.348007
47 0 -44.609375 122.265625 -63.348007
47 0 -44.515625 122.16406 -63.348007
47 0 -44.4375 122.13281 -63.348007
47 0 -41.578125 120.88281 -63.348007
47 0 -42.195312 120.07031 -63.348007
47 0 -42.578125 118.67969 -63.348007
47 0 -44.851562 112.109375 -63.348007
47 0 -43.890625 111.72656 -63.348007
47 0 -42.945312 103.94531 -63.348007
47 0 -42.65625 102.49219 -63.348007
47 0 -42.109375 100.28125 -63.348007
47 0 -43.046875 100.35156 -63.348007
47 0 -44.539062 101.61719 -63.348007
47 0 -47.421875 99.91406 -63.348007
47 0 -48.476562 99.30469 -63.348007
47 0 -49.140625 96.47656 -63.348007
47 0 -48.46875 94.21875 -63.348007
47 0 -42.820312 94.75781 -63.348007
47 0 -38.96875 94.125 -63.348007
47 0 -39.171875 113.703125 -63.348007
47 0 -37.945312 129.46094 -63.348007
47 0 -42.507812 130.5 -63.348007

48 0 -43.859375 97.08594 -59.348007
48 0 -38.390625 96.17969 -59.348007
48 0 -38.523438 108.40625 -59.348007
48 0 -36.84375 130.01562 -59.348007
48 0 -38.375 130.36719 -59.348007
48 0 -46 133.0625 -59.348007
48 0 -46.125 131.90625 -59.348007
48 0 -47.34375 123 -59.348007
48 0 -44.8125 117.50781 -59.348007
48 0 -43.921875 115.578125 -59.348007
48 0 -43.101562 115.78906 -59.348007
48 0 -40.625 117.24219 -59.348007
48 0 -42.117188 112.953125 -59.348007
48 0 -41.734375 112.796875 -59.348007
48 0 -40.773438 104.85156 -59.348007
48 0 -42.070312 108.02344 -59.348007
48 0 -43.8125 111.21875 -59.348007
48 0 -45.125 109.03906 -59.348007
48 0 -46.710938 104.734375 -59.348007
48 0 -46.617188 102.85156 -59.348007
48 0 -46.414062 101.03906 -59.348007
48 0 -47.140625 97.97656 -59.348007
48 0 -46.789062 96.80469 -59.348007

49 0 -37.875 103.109375 -55.348007
49 0 -36.78125 117.14844 -55.348007
49 0 -37.078125 127.38281 -55.348007
49 0 -43.703125 128.19531 -55.348007
49 0 -45.554688 128.16406 -55.348007
49 0 -46.5625 117.27344 -55.348007
49 0 -46.171875 109.74219 -55.348007
49 0 -45.085938 99.71094 -55.348007
49 0 -45.140625 99.47656 -55.348007
49 0 -45.109375 99.38281 -55.348007
49 0 -44.890625 99.40625 -55.348007
49 0 -37.820312 98.234375 -55.348007

50 0 -45.382812 113.453125 -51.348007
50 0 -41.226562 108.78906 -51.348007
50 0 -38.21875 105.58594 -51.348007
50 0 -38.679688 121.515625 -51.348007
50 0 -41.351562 121.84375 -51.348007
50 0 -45.554688 121.75781 -51.348007
50 0 -45.835938 118.72656 -51.348007
50 0 -45.726562 116.63281 -51.348007

